0.429092
0.462740
0.438812
0.520494
0.416049
0.446460
0.450251
0.503003
0.429005
0.445127
0.443938
0.440500
0.491613
0.461295
0.453436
0.461663
0.417772
0.549993
0.422591
0.427225
0.432566
0.435609
0.481125
0.426476
0.433302
0.465640
0.429213
0.428265
0.418113
0.452209
0.456771
0.429372
0.450776
0.519930
0.474700
0.460514
0.477210
0.419151
0.428673
0.461088
0.406278
0.423283
0.417396
0.519837
0.452856
0.457351
0.441093
0.455449
0.437081
0.380938
0.407297
0.418335
0.458477
0.440455
0.471553
0.445889
0.413528
0.471287
0.476579
0.436339
0.430250
0.434618
0.460629
0.463100
