(:,:,1,1) : 
-0.6667 -1.0000 -1.0000
0.3333 -0.6667 -0.3333
-0.0000 -0.6667 0.3333
(:,:,1,2) : 
0.0000 0.3333 0.3333
0.3333 0.6667 0.3333
0.3333 0.3333 -0.0000
(:,:,1,3) : 
-0.6667 -0.3333 0.3333
-0.6667 -0.3333 0.6667
-0.3333 0.3333 0.6667
(:,:,1,4) : 
-0.0000 -0.0000 -0.3333
-0.3333 -0.3333 -0.3333
-0.3333 -0.0000 0.3333
(:,:,1,5) : 
-0.3333 0.0000 0.0000
0.6667 0.0000 -0.0000
-0.3333 -0.3333 -0.0000
(:,:,1,6) : 
0.3333 0.3333 0.3333
-0.3333 0.0000 0.6667
0.3333 -0.3333 -0.6667
(:,:,1,7) : 
0.0000 0.0000 0.6667
-0.0000 -0.0000 0.6667
-0.3333 -0.3333 -0.0000
(:,:,1,8) : 
-0.6667 -0.6667 -0.0000
-0.6667 -0.3333 -0.3333
-0.6667 -0.3333 -1.0000
(:,:,1,9) : 
-0.3333 -0.6667 -1.0000
1.0000 0.6667 0.0000
1.0000 0.6667 0.3333
(:,:,1,10) : 
-0.6667 -0.6667 -0.6667
-0.3333 -0.3333 -0.3333
-0.3333 0.0000 0.3333
(:,:,1,11) : 
-0.3333 0.3333 0.0000
-0.3333 0.0000 0.3333
-0.3333 0.0000 0.3333
(:,:,1,12) : 
-0.6667 0.3333 1.0000
-1.0000 -0.6667 0.3333
-0.6667 -0.6667 -0.6667
(:,:,1,13) : 
0.6667 -0.0000 0.0000
0.3333 -0.0000 0.0000
-0.0000 0.3333 0.3333
(:,:,1,14) : 
-0.0000 -0.3333 -1.0000
-0.0000 -0.6667 -0.6667
-0.3333 -0.6667 -0.6667
(:,:,1,15) : 
0.0000 0.0000 0.0000
0.0000 0.0000 0.0000
-0.0000 -0.0000 -0.3333
(:,:,1,16) : 
0.3333 0.0000 -0.3333
0.3333 -0.3333 -0.3333
-0.3333 -1.0000 -0.6667
(:,:,1,17) : 
0.3333 -0.0000 -0.6667
0.3333 -0.3333 -0.6667
-0.3333 -0.3333 -0.3333
(:,:,1,18) : 
0.6667 -0.0000 -0.6667
-0.3333 -0.3333 -0.3333
0.0000 0.0000 0.3333
(:,:,1,19) : 
-0.3333 0.0000 0.0000
0.0000 0.3333 0.0000
-0.6667 -0.3333 0.3333
(:,:,1,20) : 
-0.3333 0.0000 0.6667
-0.6667 0.0000 0.3333
0.0000 -0.0000 0.3333
(:,:,1,21) : 
-0.0000 0.0000 -0.0000
0.0000 -0.0000 -0.3333
-0.3333 -0.6667 0.3333
(:,:,1,22) : 
-0.3333 0.3333 -0.0000
0.6667 0.6667 -0.6667
0.6667 -0.0000 -0.6667
(:,:,1,23) : 
-0.0000 0.0000 0.0000
0.3333 -0.0000 -0.3333
1.0000 0.3333 -0.3333
(:,:,1,24) : 
-0.3333 1.0000 1.0000
0.3333 1.0000 0.6667
0.6667 0.6667 -0.3333
(:,:,1,25) : 
0.6667 0.3333 -0.6667
0.6667 -0.3333 -0.6667
-0.3333 -0.3333 -0.0000
(:,:,1,26) : 
-0.3333 -0.0000 -0.3333
0.0000 -0.3333 -0.0000
-0.0000 0.3333 0.6667
(:,:,1,27) : 
0.3333 0.3333 -0.0000
0.0000 -0.3333 0.0000
0.3333 -0.3333 -0.3333
(:,:,1,28) : 
0.3333 -0.3333 -0.3333
0.0000 -0.3333 -0.6667
0.6667 0.3333 0.0000
(:,:,1,29) : 
0.3333 0.6667 0.0000
-0.3333 -0.3333 -0.3333
0.0000 -0.3333 -0.6667
(:,:,1,30) : 
-0.3333 -0.6667 0.3333
-0.6667 -1.0000 0.0000
0.6667 -0.3333 -0.0000
(:,:,1,31) : 
0.6667 -0.0000 -0.3333
0.3333 -0.0000 -0.6667
0.0000 0.0000 0.3333
(:,:,1,32) : 
-0.3333 -1.0000 -0.6667
0.3333 -0.3333 -0.3333
0.0000 -0.3333 -0.3333
(:,:,2,1) : 
1.0000 -0.3333 -0.6667
0.6667 0.0000 -0.6667
1.0000 0.6667 -0.6667
(:,:,2,2) : 
-0.3333 -0.6667 -0.3333
0.6667 0.6667 -0.0000
0.6667 0.3333 -0.6667
(:,:,2,3) : 
0.0000 0.6667 0.3333
-0.0000 0.6667 0.3333
0.3333 0.3333 0.3333
(:,:,2,4) : 
-0.3333 -0.0000 -0.0000
-0.6667 -0.3333 -0.0000
-0.3333 0.0000 0.0000
(:,:,2,5) : 
0.3333 -0.3333 -0.6667
0.3333 -0.3333 -0.6667
0.3333 -0.3333 -1.0000
(:,:,2,6) : 
0.6667 0.3333 -0.0000
-0.3333 -0.0000 -0.6667
-0.3333 0.3333 -0.0000
(:,:,2,7) : 
-1.0000 0.0000 0.3333
-0.3333 1.0000 0.6667
-0.3333 0.3333 0.0000
(:,:,2,8) : 
-0.0000 -0.3333 -0.6667
0.3333 0.0000 -0.6667
0.6667 0.6667 -0.3333
(:,:,2,9) : 
-0.3333 -0.0000 0.3333
-0.0000 -0.3333 -0.3333
-0.3333 -0.0000 -0.0000
(:,:,2,10) : 
-0.3333 0.0000 -0.0000
-1.0000 -0.0000 0.3333
-0.3333 0.0000 0.3333
(:,:,2,11) : 
-0.0000 -0.3333 -0.3333
0.3333 0.3333 0.3333
0.3333 0.6667 0.3333
(:,:,2,12) : 
0.3333 0.0000 -1.0000
-0.6667 -0.6667 -1.0000
0.3333 -0.0000 -0.6667
(:,:,2,13) : 
-1.0000 0.0000 0.3333
-0.3333 -0.3333 -0.0000
0.0000 -0.3333 -0.0000
(:,:,2,14) : 
-1.0000 0.3333 -0.0000
-0.3333 0.6667 -0.3333
-0.0000 0.6667 -0.3333
(:,:,2,15) : 
-0.3333 -0.0000 0.0000
-0.0000 0.0000 0.3333
-0.3333 -0.3333 -0.0000
(:,:,2,16) : 
-0.3333 -0.3333 -0.0000
-0.0000 0.3333 0.6667
0.6667 0.0000 0.3333
(:,:,2,17) : 
0.6667 0.0000 -0.0000
0.3333 -0.0000 -0.3333
-0.0000 -0.3333 -0.6667
(:,:,2,18) : 
0.0000 0.0000 -0.3333
-0.0000 -0.3333 -1.0000
0.0000 0.0000 -0.0000
(:,:,2,19) : 
-0.0000 -0.3333 -0.0000
-0.3333 0.3333 0.6667
-0.3333 0.0000 -0.0000
(:,:,2,20) : 
-0.6667 0.3333 0.6667
-0.6667 0.3333 0.6667
-0.6667 -0.3333 0.6667
(:,:,2,21) : 
-0.6667 -0.6667 0.0000
-0.6667 0.6667 0.3333
-0.3333 1.0000 0.0000
(:,:,2,22) : 
-0.0000 0.0000 -0.3333
0.0000 0.0000 -0.0000
0.3333 0.0000 -0.0000
(:,:,2,23) : 
-0.3333 0.6667 0.6667
-0.6667 -0.3333 0.3333
-0.6667 -0.3333 -0.0000
(:,:,2,24) : 
-0.6667 -0.3333 0.3333
-0.6667 0.0000 1.0000
-0.6667 -0.3333 0.3333
(:,:,2,25) : 
-0.3333 -0.3333 0.3333
0.6667 0.0000 -0.3333
1.0000 0.3333 -0.6667
(:,:,2,26) : 
-0.0000 -0.3333 0.6667
0.6667 -0.3333 0.3333
0.3333 -0.6667 -0.3333
(:,:,2,27) : 
0.0000 1.0000 0.3333
-0.3333 0.3333 0.6667
0.3333 -0.6667 -0.6667
(:,:,2,28) : 
0.3333 -0.0000 -0.0000
-0.3333 -0.0000 0.3333
-0.0000 -0.0000 -0.3333
(:,:,2,29) : 
-0.6667 0.3333 0.3333
-0.3333 0.0000 -0.0000
0.0000 0.3333 -0.6667
(:,:,2,30) : 
-0.6667 -0.3333 -0.0000
-1.0000 0.6667 0.3333
-0.6667 0.3333 0.0000
(:,:,2,31) : 
-0.3333 0.0000 -1.0000
-0.3333 0.6667 -0.6667
-0.3333 0.0000 -0.0000
(:,:,2,32) : 
-0.3333 0.6667 0.3333
-0.3333 0.6667 0.6667
-0.3333 0.6667 0.6667
(:,:,3,1) : 
-0.6667 -0.0000 0.6667
-0.3333 0.0000 0.3333
-0.3333 -0.3333 0.0000
(:,:,3,2) : 
0.3333 -0.3333 -0.6667
-0.0000 -0.3333 0.3333
-0.3333 0.0000 0.3333
(:,:,3,3) : 
-0.3333 -0.0000 0.0000
-0.3333 -0.6667 0.3333
-0.0000 -0.3333 0.0000
(:,:,3,4) : 
-0.3333 -0.3333 -0.0000
-0.0000 -0.0000 0.0000
0.0000 -0.3333 -0.0000
(:,:,3,5) : 
-0.0000 0.6667 0.3333
0.6667 1.0000 -0.3333
0.6667 -0.3333 -0.6667
(:,:,3,6) : 
0.0000 0.3333 0.6667
-0.3333 0.6667 0.3333
-0.3333 0.3333 0.0000
(:,:,3,7) : 
-0.3333 0.3333 0.3333
-0.3333 -0.3333 -0.3333
0.3333 -0.6667 -0.6667
(:,:,3,8) : 
-0.6667 0.0000 0.3333
-0.3333 0.6667 0.6667
-0.3333 0.0000 -0.0000
(:,:,3,9) : 
-0.3333 -0.6667 -0.6667
-0.0000 0.3333 -0.3333
-0.0000 0.3333 0.3333
(:,:,3,10) : 
0.3333 0.0000 -0.3333
0.3333 0.0000 -0.3333
0.3333 0.3333 0.0000
(:,:,3,11) : 
0.3333 0.3333 0.3333
0.6667 1.0000 0.6667
0.0000 -0.0000 -0.6667
(:,:,3,12) : 
-1.0000 -0.3333 -0.3333
-1.0000 -0.3333 -0.3333
-0.3333 0.6667 0.6667
(:,:,3,13) : 
0.3333 0.3333 -0.0000
-0.3333 0.3333 0.6667
-1.0000 -0.6667 0.0000
(:,:,3,14) : 
0.6667 0.0000 0.0000
1.0000 0.3333 0.3333
0.6667 0.3333 0.0000
(:,:,3,15) : 
0.3333 0.3333 0.0000
0.6667 0.6667 0.6667
0.0000 0.3333 0.3333
(:,:,3,16) : 
-0.3333 -0.3333 -0.6667
-0.3333 0.6667 0.3333
-0.0000 0.6667 -0.3333
(:,:,3,17) : 
-0.3333 -0.3333 -1.0000
-0.0000 0.3333 0.0000
0.3333 0.0000 0.6667
(:,:,3,18) : 
-0.6667 -0.3333 -0.0000
-0.3333 -0.3333 -0.6667
0.6667 0.3333 0.3333
(:,:,3,19) : 
1.0000 0.3333 -0.6667
0.0000 -1.0000 -0.6667
-0.3333 -0.6667 -0.0000
(:,:,3,20) : 
0.3333 -0.6667 -1.0000
1.0000 -0.6667 -0.6667
0.6667 -0.3333 -0.0000
(:,:,3,21) : 
0.0000 0.3333 -0.3333
-0.3333 -0.6667 -0.3333
0.0000 -0.6667 0.3333
(:,:,3,22) : 
0.6667 0.6667 0.3333
-0.3333 -0.0000 0.0000
-0.6667 0.3333 0.6667
(:,:,3,23) : 
1.0000 0.0000 0.3333
-0.0000 -0.6667 -1.0000
-0.3333 0.0000 0.6667
(:,:,3,24) : 
0.6667 -0.0000 0.0000
0.3333 -0.3333 -0.0000
-0.0000 -0.3333 0.0000
(:,:,3,25) : 
-0.6667 -0.3333 -0.3333
-0.6667 -0.0000 0.3333
-0.6667 -0.0000 -0.3333
(:,:,3,26) : 
0.0000 -0.0000 -0.3333
0.3333 0.6667 -0.3333
-0.6667 -0.0000 -0.3333
(:,:,3,27) : 
-0.3333 -0.0000 0.3333
0.6667 -0.0000 -0.6667
0.6667 1.0000 -0.3333
(:,:,3,28) : 
0.3333 0.3333 0.0000
-0.3333 -0.0000 0.0000
-0.6667 -0.3333 -0.3333
(:,:,3,29) : 
0.6667 -0.6667 -1.0000
0.6667 0.6667 -0.3333
1.0000 1.0000 0.3333
(:,:,3,30) : 
0.3333 0.6667 0.3333
0.3333 -0.6667 -0.3333
-0.6667 -0.6667 -0.6667
(:,:,3,31) : 
0.3333 -1.0000 -0.3333
0.6667 -0.6667 -1.0000
-0.3333 -0.3333 -0.3333
(:,:,3,32) : 
-1.0000 -1.0000 0.6667
-0.6667 -0.6667 1.0000
-0.3333 -0.3333 1.0000
(:,:,4,1) : 
-0.6667 -0.0000 -1.0000
0.6667 1.0000 -0.3333
0.3333 0.6667 -0.0000
(:,:,4,2) : 
-0.0000 0.0000 0.3333
-0.0000 0.3333 0.6667
-1.0000 -0.6667 -0.3333
(:,:,4,3) : 
0.0000 0.6667 -0.6667
-0.3333 0.6667 -0.3333
-0.3333 0.3333 -0.0000
(:,:,4,4) : 
-0.3333 0.3333 0.3333
0.3333 0.6667 0.3333
0.0000 0.0000 -0.3333
(:,:,4,5) : 
-0.3333 -0.0000 0.3333
-0.3333 0.6667 0.3333
0.6667 0.3333 -0.3333
(:,:,4,6) : 
-0.0000 -0.6667 -0.3333
0.3333 0.3333 0.0000
-0.6667 -0.3333 0.3333
(:,:,4,7) : 
-0.3333 0.3333 -0.3333
0.3333 0.0000 -0.3333
-0.3333 -0.6667 -0.3333
(:,:,4,8) : 
-0.0000 -0.6667 -0.6667
0.0000 0.3333 -0.0000
-0.3333 0.0000 -0.3333
(:,:,4,9) : 
0.6667 0.3333 -0.0000
-0.3333 -0.6667 -0.3333
-0.0000 0.0000 -0.3333
(:,:,4,10) : 
-0.3333 -0.3333 -0.3333
-0.6667 -0.3333 0.6667
-0.6667 -0.6667 0.3333
(:,:,4,11) : 
-0.3333 -0.6667 -0.6667
0.6667 0.0000 0.3333
0.0000 0.3333 0.3333
(:,:,4,12) : 
0.0000 0.0000 -0.0000
-0.3333 -0.3333 -0.6667
0.6667 0.3333 0.0000
(:,:,4,13) : 
0.6667 -0.6667 -0.6667
1.0000 0.3333 -0.6667
0.0000 1.0000 0.0000
(:,:,4,14) : 
0.0000 0.3333 0.3333
0.3333 0.3333 0.0000
-0.6667 -0.0000 -0.0000
(:,:,4,15) : 
0.0000 0.3333 0.3333
0.0000 0.3333 0.3333
0.0000 0.0000 0.3333
(:,:,4,16) : 
-0.0000 -0.6667 -0.0000
-0.6667 -0.3333 0.0000
-0.6667 -0.6667 -0.3333
(:,:,4,17) : 
-0.3333 -0.6667 0.3333
-0.6667 -0.3333 -0.6667
0.3333 0.6667 -0.3333
(:,:,4,18) : 
0.0000 -0.3333 -0.3333
-0.6667 -1.0000 -0.6667
0.6667 0.3333 0.3333
(:,:,4,19) : 
1.0000 -0.3333 -0.3333
-0.0000 -1.0000 -0.0000
-0.3333 0.3333 1.0000
(:,:,4,20) : 
-0.6667 -0.6667 -0.0000
0.3333 -0.0000 1.0000
0.0000 -0.0000 0.6667
(:,:,4,21) : 
0.6667 0.6667 -0.3333
0.0000 0.0000 -0.0000
-0.3333 -0.3333 0.3333
(:,:,4,22) : 
1.0000 1.0000 0.6667
-0.3333 -0.3333 0.3333
-0.6667 -0.6667 -0.0000
(:,:,4,23) : 
0.0000 0.3333 0.0000
0.0000 0.3333 0.6667
-0.6667 -0.3333 -0.3333
(:,:,4,24) : 
0.6667 0.6667 -0.0000
0.0000 -0.3333 0.0000
-0.6667 -0.3333 0.6667
(:,:,4,25) : 
-0.0000 -0.3333 -0.0000
0.0000 0.3333 0.3333
1.0000 0.6667 0.3333
(:,:,4,26) : 
0.0000 -0.3333 -0.0000
-0.0000 -0.6667 0.0000
0.6667 -0.6667 -0.6667
(:,:,4,27) : 
0.0000 0.3333 -0.6667
-0.6667 -0.0000 0.6667
0.3333 -1.0000 -0.3333
(:,:,4,28) : 
-0.3333 -0.6667 -0.3333
0.6667 0.3333 0.6667
-0.3333 -0.3333 0.3333
(:,:,4,29) : 
-0.3333 -0.3333 0.3333
0.6667 -1.0000 -0.3333
0.6667 -0.0000 -1.0000
(:,:,4,30) : 
0.6667 -0.0000 -0.6667
0.3333 0.3333 -0.0000
0.0000 0.6667 0.3333
(:,:,4,31) : 
0.3333 0.6667 0.3333
0.0000 -0.6667 -1.0000
0.6667 0.0000 -0.0000
(:,:,4,32) : 
-1.0000 -0.0000 0.6667
-1.0000 0.6667 1.0000
-0.6667 1.0000 0.0000
(:,:,5,1) : 
-0.0000 -0.3333 -1.0000
0.3333 0.0000 0.0000
-0.3333 -0.6667 -0.6667
(:,:,5,2) : 
-0.0000 -0.3333 -0.0000
0.0000 0.3333 0.0000
-0.3333 -0.6667 -0.3333
(:,:,5,3) : 
-0.3333 -0.3333 0.0000
-0.0000 -0.0000 0.0000
0.0000 0.6667 0.6667
(:,:,5,4) : 
0.3333 -0.3333 -0.0000
-0.0000 -0.3333 -0.3333
0.0000 0.3333 0.0000
(:,:,5,5) : 
0.3333 0.3333 -0.3333
0.3333 -0.0000 -0.0000
-0.0000 -0.3333 0.3333
(:,:,5,6) : 
-0.3333 -0.0000 -0.3333
-0.3333 -0.3333 -0.3333
0.6667 0.6667 0.6667
(:,:,5,7) : 
0.3333 0.3333 -0.3333
0.6667 -0.3333 -0.3333
-0.3333 -0.3333 -0.0000
(:,:,5,8) : 
0.0000 0.6667 -0.3333
-0.0000 0.3333 -0.3333
0.0000 0.0000 -0.3333
(:,:,5,9) : 
-0.6667 -0.6667 -0.0000
0.0000 1.0000 0.6667
0.3333 0.6667 -0.0000
(:,:,5,10) : 
0.6667 -0.0000 0.0000
0.3333 -0.3333 -0.3333
1.0000 -0.3333 -0.6667
(:,:,5,11) : 
-0.6667 -0.6667 -0.6667
-0.6667 -0.0000 -0.3333
-0.3333 -0.3333 -0.3333
(:,:,5,12) : 
0.3333 1.0000 0.3333
-0.0000 -0.3333 0.0000
-0.3333 -0.6667 -0.3333
(:,:,5,13) : 
-0.3333 -0.3333 -0.0000
-0.0000 0.0000 0.3333
-0.3333 -0.3333 -0.0000
(:,:,5,14) : 
0.6667 0.6667 0.6667
0.3333 -0.3333 -0.6667
0.3333 -0.3333 -0.6667
(:,:,5,15) : 
-0.0000 -0.3333 -0.3333
-0.3333 -0.3333 -0.3333
0.0000 0.3333 -0.0000
(:,:,5,16) : 
0.3333 0.6667 0.3333
-0.0000 0.6667 -0.0000
-0.3333 -0.3333 -0.6667
(:,:,5,17) : 
0.6667 0.6667 0.3333
-0.3333 0.6667 0.0000
-0.6667 0.0000 0.6667
(:,:,5,18) : 
-0.0000 -0.3333 -0.6667
0.3333 -0.0000 0.3333
0.3333 0.6667 0.6667
(:,:,5,19) : 
-0.0000 -0.3333 0.0000
-0.3333 -0.3333 0.3333
0.3333 -0.3333 -0.3333
(:,:,5,20) : 
-0.0000 0.3333 0.3333
0.0000 -0.0000 0.3333
-0.0000 -0.0000 0.0000
(:,:,5,21) : 
-0.3333 -0.3333 -0.3333
-0.3333 -0.3333 0.0000
0.6667 0.3333 0.6667
(:,:,5,22) : 
-0.3333 -0.3333 -0.3333
-0.3333 -0.3333 -0.0000
-0.6667 -0.3333 -0.3333
(:,:,5,23) : 
0.0000 -0.3333 -0.3333
-0.6667 -0.0000 -0.3333
-0.3333 -0.0000 0.3333
(:,:,5,24) : 
0.0000 0.0000 -0.0000
0.3333 0.6667 0.0000
0.0000 -0.0000 -0.6667
(:,:,5,25) : 
-0.6667 -0.3333 -0.0000
-0.3333 -0.3333 0.3333
-0.3333 -0.3333 -0.0000
(:,:,5,26) : 
0.0000 -0.0000 -0.0000
0.6667 -0.0000 -0.3333
-0.0000 -0.3333 0.3333
(:,:,5,27) : 
0.0000 0.0000 0.6667
0.6667 -0.0000 -0.3333
0.0000 0.6667 -0.0000
(:,:,5,28) : 
0.6667 0.0000 -0.3333
0.3333 0.3333 0.3333
-0.3333 -0.3333 -0.3333
(:,:,5,29) : 
-0.3333 0.3333 0.6667
-0.6667 0.0000 0.3333
-0.6667 -0.3333 0.3333
(:,:,5,30) : 
0.0000 -0.3333 0.0000
0.3333 0.0000 -0.3333
-0.0000 -0.0000 -0.0000
(:,:,5,31) : 
0.0000 0.3333 -0.3333
0.0000 0.3333 -0.3333
-0.6667 0.3333 -0.6667
(:,:,5,32) : 
0.3333 0.6667 -0.3333
-0.3333 0.3333 -0.3333
-0.3333 0.0000 -0.0000
(:,:,6,1) : 
0.3333 -0.6667 -0.3333
-0.0000 -0.3333 -0.3333
0.6667 0.6667 -0.3333
(:,:,6,2) : 
-0.3333 -0.0000 0.3333
0.0000 0.0000 0.0000
0.6667 0.6667 0.3333
(:,:,6,3) : 
-0.0000 -0.3333 -0.3333
0.3333 0.0000 0.0000
1.0000 -0.0000 -0.0000
(:,:,6,4) : 
0.6667 0.6667 0.0000
0.0000 0.0000 -0.3333
0.3333 0.6667 0.0000
(:,:,6,5) : 
0.0000 0.0000 0.0000
-0.3333 -0.3333 0.3333
0.3333 0.3333 0.3333
(:,:,6,6) : 
0.0000 0.6667 0.6667
-0.3333 -0.0000 -0.0000
-0.3333 -0.6667 0.0000
(:,:,6,7) : 
-0.0000 -0.0000 0.0000
0.6667 0.3333 -0.3333
0.6667 0.3333 -1.0000
(:,:,6,8) : 
-0.3333 0.3333 -0.0000
-0.0000 -0.0000 -0.3333
1.0000 1.0000 0.3333
(:,:,6,9) : 
0.3333 0.0000 0.6667
-0.6667 -0.3333 -0.0000
-0.6667 -0.3333 0.6667
(:,:,6,10) : 
0.0000 0.0000 -1.0000
0.3333 0.3333 -1.0000
0.6667 0.0000 -0.3333
(:,:,6,11) : 
-0.3333 -0.3333 -0.6667
0.0000 0.0000 -0.3333
-0.0000 0.3333 -0.3333
(:,:,6,12) : 
-0.6667 0.6667 0.6667
-0.6667 -0.3333 -0.6667
-0.0000 0.6667 -0.3333
(:,:,6,13) : 
-1.0000 0.3333 1.0000
-0.3333 -1.0000 -0.6667
1.0000 -0.0000 -0.3333
(:,:,6,14) : 
0.6667 -0.0000 0.6667
0.6667 -0.0000 0.3333
1.0000 0.3333 0.6667
(:,:,6,15) : 
-0.3333 -0.6667 -0.6667
-0.6667 -0.6667 -1.0000
-0.3333 -0.3333 -0.6667
(:,:,6,16) : 
-0.3333 0.0000 -0.3333
-0.3333 0.0000 0.3333
0.3333 0.3333 0.3333
(:,:,6,17) : 
-0.0000 0.6667 1.0000
-1.0000 -0.3333 -0.3333
-0.3333 0.0000 -0.0000
(:,:,6,18) : 
0.3333 -0.0000 -0.0000
0.6667 0.0000 -0.3333
0.3333 -0.3333 -0.6667
(:,:,6,19) : 
-0.6667 0.0000 0.3333
-0.3333 0.6667 0.0000
0.3333 -0.6667 -1.0000
(:,:,6,20) : 
0.3333 0.3333 -0.6667
-0.3333 -0.0000 -0.6667
0.0000 0.0000 -0.0000
(:,:,6,21) : 
-0.3333 -0.0000 -0.3333
-0.0000 -0.0000 0.3333
1.0000 -0.0000 -0.3333
(:,:,6,22) : 
-0.6667 -0.6667 -0.6667
-0.3333 -0.3333 -0.3333
-0.6667 -0.6667 -0.3333
(:,:,6,23) : 
0.3333 0.6667 1.0000
0.0000 0.3333 0.3333
-0.6667 -0.6667 -1.0000
(:,:,6,24) : 
0.3333 -0.3333 -0.3333
0.6667 0.3333 -0.3333
-0.0000 0.0000 -0.6667
(:,:,6,25) : 
-0.3333 -0.6667 -0.3333
-0.0000 -0.0000 -0.3333
0.6667 0.3333 -0.0000
(:,:,6,26) : 
-1.0000 -0.6667 -0.3333
0.0000 0.3333 -0.0000
0.6667 -0.3333 -0.6667
(:,:,6,27) : 
0.3333 -0.0000 -0.3333
-0.0000 1.0000 0.3333
-0.6667 0.0000 -0.3333
(:,:,6,28) : 
1.0000 1.0000 -0.3333
0.0000 0.6667 0.0000
-0.6667 -0.3333 -0.6667
(:,:,6,29) : 
-0.0000 0.3333 0.6667
-0.3333 0.0000 0.6667
-0.6667 -0.6667 0.0000
(:,:,6,30) : 
-1.0000 -0.3333 0.3333
-0.0000 0.0000 -0.3333
0.3333 0.6667 -0.3333
(:,:,6,31) : 
0.0000 -0.0000 -1.0000
-0.0000 1.0000 -0.3333
-1.0000 0.0000 -0.0000
(:,:,6,32) : 
0.3333 0.0000 -0.6667
-0.0000 -0.3333 -0.3333
-0.3333 -0.6667 -0.3333
(:,:,7,1) : 
-0.0000 0.6667 1.0000
-0.0000 1.0000 0.6667
-0.6667 0.3333 0.6667
(:,:,7,2) : 
0.3333 0.0000 0.0000
0.3333 -0.3333 0.3333
-0.3333 -0.6667 -0.3333
(:,:,7,3) : 
0.6667 0.3333 -0.0000
1.0000 0.6667 -0.3333
0.3333 0.3333 -0.0000
(:,:,7,4) : 
-0.6667 -0.6667 -0.6667
-0.0000 0.0000 0.0000
0.6667 0.3333 0.3333
(:,:,7,5) : 
-0.6667 -1.0000 -1.0000
0.0000 -0.3333 -0.3333
0.0000 -0.3333 1.0000
(:,:,7,6) : 
0.6667 0.3333 0.0000
-0.3333 -0.6667 -0.3333
0.3333 0.0000 0.0000
(:,:,7,7) : 
1.0000 0.0000 -0.6667
1.0000 0.0000 -0.6667
-0.0000 -0.3333 -0.6667
(:,:,7,8) : 
-0.0000 -0.3333 -0.6667
-0.6667 -0.0000 -0.6667
-0.3333 0.6667 0.3333
(:,:,7,9) : 
-0.3333 -0.3333 0.3333
-0.0000 0.0000 -0.0000
-0.0000 0.3333 -0.0000
(:,:,7,10) : 
-0.0000 -0.6667 -0.3333
0.3333 -0.3333 -0.0000
0.6667 -0.3333 -0.0000
(:,:,7,11) : 
-0.3333 -0.0000 -0.3333
-0.6667 -0.3333 -0.3333
-0.0000 -0.3333 0.3333
(:,:,7,12) : 
0.6667 -0.3333 -0.0000
-0.3333 0.0000 0.0000
-0.6667 0.0000 0.0000
(:,:,7,13) : 
-0.3333 -0.3333 0.0000
0.3333 -0.0000 0.0000
0.0000 0.0000 -0.3333
(:,:,7,14) : 
0.3333 -0.0000 -0.3333
-0.0000 -0.0000 -0.3333
-0.3333 -0.3333 -0.3333
(:,:,7,15) : 
-0.3333 -0.3333 -0.3333
-0.0000 -0.3333 -0.6667
-0.3333 -0.6667 -0.6667
(:,:,7,16) : 
-0.6667 -0.6667 -0.6667
-0.3333 -0.0000 -0.3333
-0.3333 -0.6667 -0.3333
(:,:,7,17) : 
-1.0000 -0.0000 0.0000
-0.0000 0.3333 0.3333
-0.6667 -0.0000 -0.0000
(:,:,7,18) : 
-0.3333 -0.0000 -0.3333
-0.0000 -0.3333 -0.6667
-0.3333 -0.3333 -0.3333
(:,:,7,19) : 
-0.0000 0.6667 0.6667
0.6667 0.6667 -0.6667
0.3333 0.0000 -0.6667
(:,:,7,20) : 
0.3333 -0.6667 -0.3333
0.3333 -0.6667 -0.6667
0.3333 -0.3333 -0.3333
(:,:,7,21) : 
-0.3333 -0.3333 -0.0000
0.6667 0.6667 -0.3333
-0.3333 -0.0000 -0.6667
(:,:,7,22) : 
0.3333 -0.0000 0.0000
0.6667 0.0000 0.0000
0.0000 0.3333 0.3333
(:,:,7,23) : 
-0.3333 -0.0000 -0.0000
0.3333 0.6667 0.3333
0.6667 0.3333 0.3333
(:,:,7,24) : 
-0.3333 0.0000 -0.0000
-0.3333 -0.0000 -0.3333
0.3333 0.3333 0.0000
(:,:,7,25) : 
-0.6667 0.0000 0.3333
0.3333 1.0000 1.0000
0.3333 0.6667 1.0000
(:,:,7,26) : 
0.3333 1.0000 -0.6667
0.6667 0.6667 -1.0000
0.6667 0.0000 -1.0000
(:,:,7,27) : 
-1.0000 0.3333 1.0000
-0.3333 -0.3333 0.0000
-0.3333 -0.3333 -0.3333
(:,:,7,28) : 
-0.3333 -0.0000 0.0000
0.0000 -0.0000 -0.0000
0.3333 0.0000 -0.0000
(:,:,7,29) : 
-0.6667 -0.3333 0.3333
-0.3333 -0.0000 0.6667
-0.3333 -0.3333 -0.0000
(:,:,7,30) : 
0.3333 0.6667 -1.0000
0.6667 1.0000 -0.6667
-0.3333 0.0000 -0.3333
(:,:,7,31) : 
-0.3333 0.6667 0.6667
-1.0000 -0.0000 1.0000
-0.6667 -0.3333 0.6667
(:,:,7,32) : 
0.6667 0.3333 -0.0000
-0.0000 -0.3333 0.0000
-0.6667 -0.0000 0.3333
(:,:,8,1) : 
0.3333 0.0000 -0.6667
0.6667 0.3333 0.0000
0.3333 -0.3333 -0.0000
(:,:,8,2) : 
-0.0000 0.3333 0.0000
0.0000 0.3333 -0.3333
0.6667 0.6667 0.0000
(:,:,8,3) : 
-0.3333 -0.3333 -0.0000
-0.3333 -0.0000 0.0000
-0.0000 -0.6667 -0.0000
(:,:,8,4) : 
0.3333 0.0000 0.0000
-0.0000 0.0000 0.3333
0.3333 0.3333 0.3333
(:,:,8,5) : 
-0.0000 -0.3333 -0.6667
-0.0000 -0.0000 -0.0000
-0.3333 -0.0000 0.3333
(:,:,8,6) : 
0.0000 0.3333 0.3333
0.3333 0.0000 0.6667
0.3333 -0.3333 -0.3333
(:,:,8,7) : 
0.3333 -0.3333 -0.3333
-0.0000 -0.3333 0.3333
-0.3333 0.0000 -0.0000
(:,:,8,8) : 
-0.3333 -0.3333 -0.6667
-0.0000 -0.0000 -0.3333
0.3333 -0.0000 -0.3333
(:,:,8,9) : 
0.0000 -0.3333 -0.6667
0.6667 0.6667 -0.3333
0.3333 0.0000 0.3333
(:,:,8,10) : 
-0.3333 0.3333 0.6667
-0.0000 0.6667 0.6667
0.3333 0.6667 0.0000
(:,:,8,11) : 
-0.3333 -0.6667 -0.0000
-0.0000 -0.0000 0.0000
-0.3333 0.0000 0.3333
(:,:,8,12) : 
-0.0000 -0.3333 -0.3333
-0.0000 -1.0000 -0.3333
0.0000 -0.6667 -0.6667
(:,:,8,13) : 
0.0000 -0.3333 0.0000
0.0000 0.3333 -0.0000
0.0000 0.0000 0.0000
(:,:,8,14) : 
-0.6667 0.3333 0.3333
-0.6667 -0.0000 0.0000
-0.3333 0.3333 0.3333
(:,:,8,15) : 
0.3333 -0.0000 0.0000
-0.0000 -0.3333 -0.0000
-0.3333 -0.3333 -0.0000
(:,:,8,16) : 
0.0000 0.6667 0.0000
0.3333 0.6667 0.0000
0.3333 -0.3333 -0.3333
(:,:,8,17) : 
0.3333 -0.0000 -0.3333
0.0000 -0.3333 -0.3333
0.3333 0.0000 0.3333
(:,:,8,18) : 
0.3333 -0.0000 -0.0000
0.0000 -0.0000 -0.0000
-0.3333 -0.3333 0.0000
(:,:,8,19) : 
-0.6667 -0.6667 -0.0000
-0.0000 0.6667 0.6667
0.0000 0.3333 0.0000
(:,:,8,20) : 
-0.3333 -0.0000 1.0000
-0.6667 -0.6667 0.6667
-0.6667 -1.0000 -0.0000
(:,:,8,21) : 
-0.0000 -0.6667 -0.3333
-0.6667 -0.3333 0.3333
-0.6667 -0.0000 0.3333
(:,:,8,22) : 
-0.3333 -0.3333 0.0000
0.0000 0.0000 0.0000
0.6667 0.3333 -0.3333
(:,:,8,23) : 
-0.3333 0.3333 0.6667
-0.3333 0.0000 0.3333
0.3333 -0.3333 -0.6667
(:,:,8,24) : 
-0.3333 -0.0000 0.6667
-0.3333 0.3333 1.0000
-0.3333 0.3333 0.6667
(:,:,8,25) : 
-0.3333 -0.3333 -0.6667
-0.0000 -0.6667 -0.3333
-0.3333 -0.3333 0.0000
(:,:,8,26) : 
-0.3333 -0.3333 -0.3333
-0.3333 -0.3333 0.0000
-0.6667 -0.6667 1.0000
(:,:,8,27) : 
-0.6667 -0.0000 0.3333
-0.3333 -0.3333 0.3333
0.6667 -0.0000 0.0000
(:,:,8,28) : 
-0.0000 -0.3333 -0.3333
0.0000 -0.0000 -0.0000
0.6667 0.3333 0.0000
(:,:,8,29) : 
-0.6667 -0.3333 0.3333
-0.3333 -0.0000 0.0000
0.0000 0.3333 -0.0000
(:,:,8,30) : 
0.0000 -0.3333 -0.6667
-0.0000 0.3333 -0.0000
-0.0000 0.6667 -0.3333
(:,:,8,31) : 
-0.3333 -0.3333 0.3333
-0.0000 -0.3333 0.6667
-0.3333 -0.3333 0.0000
(:,:,8,32) : 
-0.3333 0.3333 -0.3333
0.3333 0.6667 -0.3333
0.6667 0.6667 -0.6667
(:,:,9,1) : 
-0.6667 -1.0000 -0.6667
-0.0000 -0.3333 -0.3333
0.6667 1.0000 0.6667
(:,:,9,2) : 
0.0000 0.3333 -0.0000
-0.0000 0.0000 -0.6667
0.0000 0.0000 0.0000
(:,:,9,3) : 
-0.3333 0.6667 0.6667
0.3333 0.3333 -0.3333
1.0000 0.3333 -0.6667
(:,:,9,4) : 
-0.6667 0.6667 0.3333
-0.6667 0.3333 -0.3333
-0.3333 0.3333 -0.0000
(:,:,9,5) : 
-0.3333 -0.6667 0.6667
-0.3333 -0.3333 0.6667
-0.0000 0.0000 0.3333
(:,:,9,6) : 
0.6667 1.0000 1.0000
0.0000 0.6667 1.0000
-1.0000 -1.0000 -0.3333
(:,:,9,7) : 
-0.3333 0.3333 0.3333
0.3333 1.0000 -0.3333
-0.3333 0.3333 0.6667
(:,:,9,8) : 
0.3333 0.3333 -0.0000
1.0000 0.6667 1.0000
0.3333 -0.0000 0.6667
(:,:,9,9) : 
-0.0000 -0.3333 -0.0000
-0.3333 -0.3333 0.6667
0.3333 -0.3333 0.6667
(:,:,9,10) : 
-0.3333 -0.3333 0.3333
-0.3333 -0.3333 0.6667
-0.6667 -0.0000 0.6667
(:,:,9,11) : 
-0.0000 -0.3333 -1.0000
0.3333 0.3333 -0.3333
0.3333 0.6667 -0.3333
(:,:,9,12) : 
0.6667 0.6667 -0.3333
0.3333 -0.3333 -0.0000
-0.6667 -0.3333 -0.0000
(:,:,9,13) : 
-0.3333 -0.0000 0.0000
0.6667 -0.3333 -0.3333
0.6667 1.0000 -0.3333
(:,:,9,14) : 
0.6667 -0.0000 -0.6667
-0.3333 -0.6667 -1.0000
-0.3333 -0.3333 -0.3333
(:,:,9,15) : 
-0.3333 -0.3333 -0.0000
-0.3333 -0.0000 -0.3333
-0.3333 -0.0000 -0.3333
(:,:,9,16) : 
-0.3333 -0.6667 0.0000
-0.0000 -0.3333 -0.3333
0.3333 -0.3333 -0.6667
(:,:,9,17) : 
-0.6667 -0.3333 0.0000
-0.3333 -0.3333 0.3333
0.3333 0.3333 0.3333
(:,:,9,18) : 
0.3333 -0.0000 0.6667
-1.0000 -0.6667 -0.3333
-0.6667 -0.0000 0.0000
(:,:,9,19) : 
-0.0000 -0.3333 -0.3333
-0.0000 0.0000 -0.3333
0.3333 -0.6667 -1.0000
(:,:,9,20) : 
-0.3333 0.3333 -0.3333
-0.3333 1.0000 0.0000
-0.3333 0.6667 -0.3333
(:,:,9,21) : 
-0.3333 -0.0000 0.3333
-0.0000 -0.3333 -1.0000
-0.3333 0.3333 -1.0000
(:,:,9,22) : 
-0.0000 -0.0000 -0.3333
-0.3333 -0.0000 -0.0000
0.0000 -0.0000 0.3333
(:,:,9,23) : 
0.3333 0.6667 0.6667
-1.0000 -0.6667 -1.0000
-0.6667 0.3333 0.0000
(:,:,9,24) : 
0.6667 1.0000 -0.6667
0.3333 0.0000 -0.0000
-0.0000 -0.3333 -0.0000
(:,:,9,25) : 
0.3333 -0.6667 -0.6667
0.3333 -0.3333 -0.6667
0.3333 -0.3333 -0.0000
(:,:,9,26) : 
-1.0000 -0.6667 0.3333
-0.6667 0.6667 0.3333
0.3333 0.3333 0.3333
(:,:,9,27) : 
-0.6667 1.0000 1.0000
-1.0000 -0.3333 1.0000
-0.0000 -1.0000 -0.3333
(:,:,9,28) : 
-0.6667 0.6667 0.0000
-0.6667 -0.3333 -0.3333
0.0000 0.3333 -0.0000
(:,:,9,29) : 
-0.3333 1.0000 0.3333
-0.3333 1.0000 1.0000
-0.3333 0.6667 1.0000
(:,:,9,30) : 
-1.0000 -1.0000 0.0000
-0.3333 -0.0000 -0.3333
0.6667 0.6667 -0.0000
(:,:,9,31) : 
-0.3333 0.6667 -0.6667
-0.3333 0.3333 -0.0000
0.3333 -0.6667 -0.6667
(:,:,9,32) : 
0.0000 -0.0000 -0.3333
0.6667 0.0000 -0.6667
0.0000 -0.3333 -1.0000
(:,:,10,1) : 
-0.6667 0.3333 0.3333
-0.6667 0.6667 -0.3333
-0.6667 -0.0000 0.0000
(:,:,10,2) : 
-0.3333 -0.3333 -0.6667
-0.6667 -0.6667 0.0000
0.0000 1.0000 1.0000
(:,:,10,3) : 
-0.3333 0.0000 0.3333
-0.6667 -0.6667 0.0000
-0.6667 -0.0000 0.6667
(:,:,10,4) : 
0.3333 -0.0000 0.3333
-0.3333 -0.6667 0.0000
-0.3333 -0.6667 -0.3333
(:,:,10,5) : 
-0.6667 -0.3333 0.3333
-0.3333 0.3333 0.6667
0.6667 0.6667 0.0000
(:,:,10,6) : 
0.3333 0.6667 0.6667
-0.0000 0.3333 0.6667
-0.6667 -1.0000 -0.6667
(:,:,10,7) : 
0.3333 0.0000 0.3333
-1.0000 -1.0000 0.3333
-1.0000 -1.0000 0.6667
(:,:,10,8) : 
-0.6667 0.0000 0.6667
-0.3333 0.6667 0.0000
-1.0000 0.3333 -0.3333
(:,:,10,9) : 
-0.3333 -0.0000 -0.3333
-0.3333 1.0000 0.3333
-0.3333 0.3333 -0.3333
(:,:,10,10) : 
-1.0000 -0.6667 0.3333
-0.6667 -0.3333 0.3333
0.0000 0.6667 0.3333
(:,:,10,11) : 
-0.0000 -0.3333 -0.6667
0.3333 0.6667 0.3333
0.3333 -0.3333 -0.0000
(:,:,10,12) : 
-0.3333 0.3333 0.3333
-0.0000 1.0000 0.6667
-0.6667 -0.3333 -0.6667
(:,:,10,13) : 
-1.0000 -1.0000 -0.0000
-0.3333 -1.0000 -0.6667
0.6667 0.6667 -0.0000
(:,:,10,14) : 
-0.3333 -0.0000 0.6667
0.3333 0.3333 1.0000
0.0000 0.3333 0.6667
(:,:,10,15) : 
0.3333 -0.0000 -0.0000
0.6667 -0.3333 -0.3333
0.0000 -0.3333 -0.3333
(:,:,10,16) : 
-0.6667 -0.3333 0.0000
-0.3333 0.3333 0.0000
0.3333 0.6667 0.6667
(:,:,10,17) : 
0.3333 0.6667 -0.0000
0.3333 1.0000 0.6667
-1.0000 -0.3333 -0.0000
(:,:,10,18) : 
-0.6667 0.0000 0.0000
-1.0000 -0.3333 -0.6667
-0.6667 -0.3333 -0.0000
(:,:,10,19) : 
1.0000 0.3333 -0.6667
0.0000 -1.0000 -0.3333
-0.6667 -0.0000 1.0000
(:,:,10,20) : 
0.6667 -0.6667 0.3333
0.3333 -1.0000 -0.3333
1.0000 -1.0000 -1.0000
(:,:,10,21) : 
0.6667 0.6667 0.3333
0.3333 -0.3333 -0.3333
-1.0000 -0.3333 -0.0000
(:,:,10,22) : 
0.0000 -0.3333 -0.6667
0.6667 1.0000 1.0000
0.0000 1.0000 0.6667
(:,:,10,23) : 
-0.0000 -1.0000 -0.3333
0.6667 0.3333 0.3333
0.0000 0.6667 0.6667
(:,:,10,24) : 
0.3333 -0.0000 -0.0000
0.6667 -0.3333 0.0000
0.6667 0.3333 0.0000
(:,:,10,25) : 
0.0000 0.3333 -0.6667
-0.0000 0.0000 -0.6667
-0.6667 -0.0000 -0.3333
(:,:,10,26) : 
0.6667 1.0000 -0.6667
0.0000 0.6667 -0.3333
-1.0000 -0.6667 -0.0000
(:,:,10,27) : 
-1.0000 -0.6667 1.0000
-0.3333 -1.0000 -0.3333
0.6667 -0.0000 -0.6667
(:,:,10,28) : 
0.3333 0.0000 -0.3333
0.6667 0.6667 0.3333
-0.0000 0.3333 0.0000
(:,:,10,29) : 
0.0000 0.3333 -1.0000
-0.3333 1.0000 0.3333
-1.0000 0.3333 0.6667
(:,:,10,30) : 
1.0000 0.3333 -0.3333
1.0000 -1.0000 -0.3333
0.6667 -0.3333 0.0000
(:,:,10,31) : 
0.3333 0.3333 -0.3333
-0.3333 -1.0000 0.3333
0.3333 -0.6667 0.6667
(:,:,10,32) : 
1.0000 -1.0000 0.3333
0.6667 -1.0000 0.0000
0.0000 -1.0000 0.3333
(:,:,11,1) : 
-0.3333 0.3333 1.0000
-1.0000 -0.3333 -0.0000
-0.3333 1.0000 1.0000
(:,:,11,2) : 
-1.0000 -1.0000 -1.0000
-0.0000 0.0000 0.0000
0.6667 1.0000 0.6667
(:,:,11,3) : 
-0.6667 0.0000 0.0000
-0.6667 0.3333 0.6667
-0.3333 0.3333 1.0000
(:,:,11,4) : 
0.6667 0.6667 0.6667
0.6667 0.3333 0.6667
0.3333 0.0000 0.3333
(:,:,11,5) : 
1.0000 0.0000 -0.3333
0.3333 -0.6667 -0.3333
1.0000 0.0000 0.0000
(:,:,11,6) : 
-0.6667 -1.0000 -0.6667
0.0000 -0.3333 -0.3333
0.3333 -0.0000 -0.3333
(:,:,11,7) : 
0.0000 0.0000 -0.0000
-0.6667 0.3333 1.0000
-0.3333 0.3333 0.6667
(:,:,11,8) : 
0.3333 1.0000 0.3333
-0.3333 0.3333 -0.6667
-0.3333 1.0000 0.6667
(:,:,11,9) : 
0.6667 1.0000 0.3333
-0.6667 -0.3333 -0.6667
-1.0000 -0.6667 -0.3333
(:,:,11,10) : 
0.0000 0.3333 0.3333
1.0000 -0.0000 -1.0000
0.6667 -0.3333 -1.0000
(:,:,11,11) : 
-0.0000 -0.0000 -0.0000
-0.6667 -0.6667 -0.6667
-0.3333 -0.6667 -0.6667
(:,:,11,12) : 
0.3333 1.0000 0.3333
-0.6667 -0.3333 -1.0000
-1.0000 -0.0000 -0.3333
(:,:,11,13) : 
-0.6667 -0.6667 1.0000
0.6667 -0.3333 -0.6667
1.0000 1.0000 -0.6667
(:,:,11,14) : 
-0.6667 -0.3333 -0.3333
-0.6667 -0.3333 -0.0000
-0.3333 0.3333 1.0000
(:,:,11,15) : 
0.6667 0.3333 0.0000
-0.3333 -0.3333 -0.6667
-0.3333 -0.3333 -0.6667
(:,:,11,16) : 
-0.0000 0.0000 1.0000
-0.6667 -0.0000 0.3333
-0.0000 -0.0000 0.0000
(:,:,11,17) : 
0.0000 1.0000 0.3333
-0.6667 -0.6667 -0.3333
-0.3333 -0.3333 -0.3333
(:,:,11,18) : 
0.6667 1.0000 0.6667
0.3333 0.6667 -0.3333
-0.6667 -1.0000 -1.0000
(:,:,11,19) : 
-0.0000 -0.3333 1.0000
-0.6667 0.3333 1.0000
0.0000 0.3333 -0.3333
(:,:,11,20) : 
1.0000 -1.0000 -0.3333
0.3333 -1.0000 -0.3333
0.3333 -0.0000 -0.3333
(:,:,11,21) : 
0.6667 -0.3333 0.0000
0.0000 -0.3333 0.3333
-0.6667 -0.3333 -0.0000
(:,:,11,22) : 
-0.0000 0.3333 0.6667
0.6667 1.0000 1.0000
-0.6667 -0.3333 -0.0000
(:,:,11,23) : 
-0.3333 -0.0000 0.6667
0.6667 0.3333 0.6667
-1.0000 -1.0000 -1.0000
(:,:,11,24) : 
-0.3333 -0.3333 -0.3333
0.6667 0.3333 0.6667
0.6667 0.6667 0.6667
(:,:,11,25) : 
0.6667 0.3333 0.3333
0.0000 -0.0000 0.0000
-0.3333 -0.3333 -0.3333
(:,:,11,26) : 
0.0000 0.0000 -0.3333
-0.3333 0.6667 -0.6667
0.3333 0.3333 -0.6667
(:,:,11,27) : 
-0.0000 -0.0000 -0.3333
-0.6667 0.3333 1.0000
-0.6667 -0.0000 0.0000
(:,:,11,28) : 
0.0000 -0.3333 -0.0000
1.0000 0.3333 0.3333
0.6667 0.6667 0.3333
(:,:,11,29) : 
-0.3333 0.3333 0.6667
-1.0000 -0.6667 0.6667
-1.0000 -1.0000 -0.3333
(:,:,11,30) : 
-0.3333 -0.3333 -0.0000
-0.6667 -0.6667 0.6667
0.3333 -0.6667 0.3333
(:,:,11,31) : 
-0.3333 0.3333 0.3333
-1.0000 0.6667 1.0000
-0.6667 -0.3333 0.6667
(:,:,11,32) : 
-0.3333 0.0000 0.6667
-1.0000 -0.3333 0.3333
-0.6667 0.0000 0.3333
(:,:,12,1) : 
-1.0000 -0.3333 -1.0000
0.6667 0.0000 0.0000
0.6667 0.6667 0.0000
(:,:,12,2) : 
-0.3333 -0.0000 -0.3333
1.0000 0.6667 0.3333
-0.6667 -0.6667 -0.6667
(:,:,12,3) : 
-1.0000 0.0000 0.3333
-0.6667 0.0000 1.0000
-0.6667 -0.3333 0.3333
(:,:,12,4) : 
-0.0000 -0.3333 -0.0000
-0.6667 -0.6667 -0.6667
-0.3333 -0.0000 0.3333
(:,:,12,5) : 
0.3333 0.3333 0.0000
0.3333 -0.3333 -0.6667
-1.0000 -1.0000 0.0000
(:,:,12,6) : 
1.0000 1.0000 0.6667
-0.3333 -0.6667 -0.3333
0.3333 -0.3333 -1.0000
(:,:,12,7) : 
-1.0000 -0.0000 0.6667
-0.0000 0.0000 1.0000
0.0000 -0.6667 -0.3333
(:,:,12,8) : 
0.6667 -0.0000 0.6667
-0.3333 -0.6667 -0.0000
-0.6667 -1.0000 -0.6667
(:,:,12,9) : 
-1.0000 -1.0000 -1.0000
0.0000 0.6667 0.6667
0.3333 0.3333 0.6667
(:,:,12,10) : 
1.0000 0.0000 -1.0000
1.0000 0.3333 -1.0000
1.0000 0.0000 -1.0000
(:,:,12,11) : 
-0.3333 -0.6667 -0.6667
0.3333 -0.0000 0.0000
0.3333 0.0000 0.3333
(:,:,12,12) : 
0.6667 1.0000 1.0000
-0.0000 -0.3333 -0.3333
-1.0000 -1.0000 -1.0000
(:,:,12,13) : 
-0.3333 -0.3333 -0.3333
0.3333 -0.0000 -0.3333
0.0000 0.6667 0.0000
(:,:,12,14) : 
0.3333 0.3333 0.0000
-0.3333 -0.6667 -1.0000
-0.0000 0.0000 -0.0000
(:,:,12,15) : 
0.0000 -0.0000 -0.0000
-0.0000 -0.3333 -0.3333
-0.3333 -0.3333 -0.6667
(:,:,12,16) : 
0.3333 -0.0000 0.3333
0.3333 0.3333 -0.3333
0.0000 -0.6667 -0.6667
(:,:,12,17) : 
0.6667 1.0000 0.6667
0.3333 -0.0000 0.3333
-0.6667 -0.6667 -0.3333
(:,:,12,18) : 
0.3333 0.3333 -0.0000
-0.3333 -0.0000 -0.0000
-0.6667 -0.3333 -0.3333
(:,:,12,19) : 
-0.0000 0.3333 0.3333
-0.0000 0.6667 0.3333
-0.3333 -0.3333 -0.6667
(:,:,12,20) : 
-0.6667 0.3333 0.3333
-0.6667 0.3333 -0.3333
-0.6667 0.6667 -0.0000
(:,:,12,21) : 
-0.3333 -0.6667 -1.0000
0.0000 0.3333 -1.0000
0.6667 1.0000 0.6667
(:,:,12,22) : 
0.3333 0.6667 0.6667
0.0000 0.0000 0.0000
-0.3333 -1.0000 -1.0000
(:,:,12,23) : 
-0.3333 -0.0000 -0.3333
-0.0000 0.3333 0.0000
-0.3333 0.0000 0.3333
(:,:,12,24) : 
-0.3333 0.3333 0.0000
0.3333 1.0000 0.3333
0.0000 1.0000 -0.3333
(:,:,12,25) : 
0.3333 0.6667 0.3333
0.0000 -0.0000 0.3333
-0.6667 -1.0000 -0.0000
(:,:,12,26) : 
-0.3333 -0.6667 -0.3333
0.0000 -0.3333 0.0000
-0.0000 -0.3333 -0.0000
(:,:,12,27) : 
-0.3333 0.6667 -0.3333
-0.3333 0.0000 -0.0000
-0.6667 -0.6667 0.3333
(:,:,12,28) : 
-0.3333 -0.0000 -0.0000
-0.6667 -0.6667 -0.6667
-0.3333 -0.3333 -0.6667
(:,:,12,29) : 
-1.0000 0.3333 1.0000
-1.0000 -0.6667 1.0000
-1.0000 -1.0000 1.0000
(:,:,12,30) : 
-0.0000 -0.3333 0.0000
0.0000 -0.3333 -0.3333
0.0000 0.0000 -0.3333
(:,:,12,31) : 
-0.6667 -0.0000 -0.6667
-0.6667 1.0000 0.6667
-1.0000 -0.0000 0.0000
(:,:,12,32) : 
1.0000 0.3333 -0.6667
1.0000 0.3333 -0.6667
0.3333 0.0000 0.0000
(:,:,13,1) : 
0.6667 0.0000 0.3333
-0.0000 -0.0000 0.0000
-0.6667 -0.3333 -0.3333
(:,:,13,2) : 
-0.3333 -0.0000 -0.3333
-0.0000 0.3333 0.0000
-0.3333 0.0000 0.3333
(:,:,13,3) : 
0.0000 -0.6667 -0.0000
-0.3333 -0.3333 0.6667
-0.0000 -0.3333 0.3333
(:,:,13,4) : 
-0.3333 -0.3333 -0.3333
0.3333 -0.0000 -0.0000
0.6667 -0.0000 0.3333
(:,:,13,5) : 
0.3333 0.0000 -0.6667
-0.0000 -1.0000 -0.6667
-0.6667 -0.6667 1.0000
(:,:,13,6) : 
-0.6667 -0.6667 -0.6667
-0.6667 0.0000 0.3333
0.6667 0.6667 0.6667
(:,:,13,7) : 
0.6667 0.3333 0.3333
0.6667 -0.0000 -0.0000
0.3333 -0.3333 -0.0000
(:,:,13,8) : 
-0.6667 -0.0000 -0.0000
-1.0000 -0.3333 -1.0000
-0.0000 0.3333 -0.3333
(:,:,13,9) : 
-0.0000 0.3333 -0.3333
0.0000 1.0000 -0.0000
-0.3333 0.0000 -0.3333
(:,:,13,10) : 
0.0000 -0.3333 0.6667
-0.3333 -0.3333 1.0000
-0.6667 -0.3333 1.0000
(:,:,13,11) : 
0.3333 0.3333 -0.0000
0.3333 0.0000 -0.0000
-0.0000 -0.0000 -0.3333
(:,:,13,12) : 
-0.6667 -0.3333 0.3333
-0.6667 -0.3333 -0.3333
0.0000 0.6667 0.6667
(:,:,13,13) : 
-0.3333 -0.0000 -0.0000
-0.3333 0.0000 0.3333
-0.3333 -0.3333 0.0000
(:,:,13,14) : 
-0.0000 -0.3333 0.3333
-0.0000 -0.0000 0.3333
-0.0000 -0.0000 0.3333
(:,:,13,15) : 
0.6667 0.0000 0.3333
0.3333 -0.3333 -0.3333
0.0000 -0.3333 -0.6667
(:,:,13,16) : 
0.0000 1.0000 1.0000
-0.0000 0.3333 0.3333
-0.6667 -0.6667 -0.6667
(:,:,13,17) : 
0.3333 0.6667 -0.0000
-0.3333 -0.3333 -0.3333
-0.3333 -0.0000 -0.0000
(:,:,13,18) : 
-0.0000 0.3333 0.0000
0.6667 1.0000 0.3333
0.0000 -0.0000 -0.3333
(:,:,13,19) : 
0.0000 1.0000 -0.3333
0.3333 -0.6667 -0.3333
-0.6667 -0.3333 0.6667
(:,:,13,20) : 
0.6667 -0.3333 0.0000
0.6667 -1.0000 -0.0000
0.6667 -0.0000 -0.3333
(:,:,13,21) : 
-0.0000 0.3333 0.0000
0.6667 1.0000 1.0000
-0.6667 -0.6667 -0.0000
(:,:,13,22) : 
1.0000 0.3333 0.6667
-0.0000 -0.6667 -1.0000
-0.3333 -0.6667 -0.6667
(:,:,13,23) : 
-0.0000 -0.3333 -0.3333
0.6667 0.3333 0.3333
0.6667 0.0000 0.0000
(:,:,13,24) : 
0.0000 0.3333 -0.3333
1.0000 0.6667 0.3333
1.0000 0.3333 0.3333
(:,:,13,25) : 
0.6667 0.3333 0.0000
0.6667 -0.3333 -0.6667
0.0000 -0.6667 -0.6667
(:,:,13,26) : 
0.3333 -0.0000 -0.0000
0.0000 -0.3333 -0.3333
0.0000 0.3333 0.0000
(:,:,13,27) : 
0.3333 0.0000 0.3333
0.3333 -1.0000 -0.0000
0.3333 0.3333 0.3333
(:,:,13,28) : 
0.3333 -0.3333 -0.6667
-0.3333 -0.6667 -0.6667
-0.3333 -0.3333 -0.3333
(:,:,13,29) : 
0.0000 0.0000 0.3333
0.0000 0.3333 -0.3333
0.0000 0.6667 0.3333
(:,:,13,30) : 
1.0000 0.6667 -0.3333
0.6667 -0.0000 -0.3333
0.6667 -0.6667 -0.3333
(:,:,13,31) : 
0.3333 1.0000 -0.3333
-0.3333 0.6667 0.0000
-0.3333 -0.3333 0.3333
(:,:,13,32) : 
0.0000 -1.0000 0.0000
-0.0000 -1.0000 0.3333
-0.0000 -0.6667 0.3333
(:,:,14,1) : 
0.0000 -0.3333 -0.3333
-0.3333 0.6667 0.6667
0.0000 1.0000 0.3333
(:,:,14,2) : 
0.3333 0.3333 0.3333
-0.6667 -0.6667 -0.0000
0.3333 -0.3333 0.0000
(:,:,14,3) : 
-0.6667 1.0000 0.6667
-0.6667 0.6667 0.3333
-0.3333 0.0000 0.6667
(:,:,14,4) : 
-0.0000 -0.0000 -0.3333
-0.0000 0.0000 -0.0000
-0.3333 -0.3333 -0.3333
(:,:,14,5) : 
0.3333 0.3333 0.6667
-0.6667 -0.3333 0.6667
-0.6667 0.0000 0.3333
(:,:,14,6) : 
-0.0000 0.0000 0.3333
0.3333 0.3333 -0.0000
-0.6667 -1.0000 -0.6667
(:,:,14,7) : 
0.0000 0.3333 -0.0000
0.3333 -0.0000 -0.3333
0.3333 0.0000 -0.3333
(:,:,14,8) : 
0.0000 0.6667 0.3333
0.3333 1.0000 0.6667
0.0000 0.3333 -0.3333
(:,:,14,9) : 
-0.0000 -0.3333 -0.3333
0.6667 0.6667 0.6667
0.3333 0.3333 -0.0000
(:,:,14,10) : 
-0.3333 0.6667 -0.0000
-0.0000 1.0000 -0.3333
-0.6667 0.6667 -0.3333
(:,:,14,11) : 
0.0000 -0.3333 -0.3333
1.0000 0.6667 0.6667
1.0000 0.6667 0.3333
(:,:,14,12) : 
-0.3333 -0.6667 -1.0000
0.0000 0.6667 -0.6667
-0.0000 0.6667 -0.3333
(:,:,14,13) : 
-0.0000 -0.3333 0.6667
-0.0000 -1.0000 -0.3333
0.3333 -0.3333 -0.6667
(:,:,14,14) : 
-0.3333 -0.0000 -0.0000
-0.6667 -0.3333 -0.3333
-0.3333 0.0000 0.0000
(:,:,14,15) : 
0.0000 0.0000 0.3333
-0.3333 -0.3333 0.0000
0.3333 -0.0000 -0.3333
(:,:,14,16) : 
0.0000 0.3333 0.3333
-0.3333 -0.6667 -0.3333
0.3333 -0.3333 -0.6667
(:,:,14,17) : 
1.0000 1.0000 0.6667
0.3333 0.0000 0.0000
-0.6667 -0.6667 -0.3333
(:,:,14,18) : 
0.6667 1.0000 1.0000
0.0000 -0.0000 -0.0000
-0.6667 -1.0000 -1.0000
(:,:,14,19) : 
-0.3333 0.3333 -0.0000
-0.3333 0.6667 -0.6667
0.3333 -0.3333 -0.3333
(:,:,14,20) : 
0.3333 -0.6667 0.0000
0.3333 -0.3333 0.3333
0.3333 -0.3333 0.3333
(:,:,14,21) : 
0.0000 0.3333 0.0000
0.3333 0.6667 0.6667
-0.6667 -0.6667 -0.6667
(:,:,14,22) : 
-0.3333 -0.3333 -0.3333
-0.0000 -0.3333 -0.6667
0.3333 0.6667 0.0000
(:,:,14,23) : 
-0.6667 -0.3333 -0.3333
-0.0000 -0.0000 -0.0000
0.6667 0.6667 0.3333
(:,:,14,24) : 
0.3333 0.0000 -0.3333
0.3333 0.0000 0.3333
0.0000 0.0000 0.6667
(:,:,14,25) : 
-0.3333 -0.3333 0.0000
-0.3333 -0.3333 0.0000
-0.3333 -0.6667 -0.0000
(:,:,14,26) : 
-0.6667 0.0000 -0.3333
0.3333 0.3333 -0.6667
0.6667 -0.0000 -0.6667
(:,:,14,27) : 
-0.6667 0.6667 0.0000
-0.6667 0.3333 0.6667
-0.6667 -0.6667 0.3333
(:,:,14,28) : 
0.0000 -0.0000 -0.0000
-0.0000 -0.3333 0.0000
0.6667 -0.0000 0.0000
(:,:,14,29) : 
-0.3333 -0.3333 0.0000
-0.3333 -0.0000 -0.0000
-0.3333 -0.0000 -0.0000
(:,:,14,30) : 
0.3333 1.0000 0.0000
-0.3333 -0.0000 0.3333
-1.0000 -0.6667 0.0000
(:,:,14,31) : 
-0.6667 0.3333 -1.0000
-1.0000 0.0000 -0.3333
0.0000 0.0000 0.6667
(:,:,14,32) : 
-0.6667 0.0000 0.3333
-1.0000 0.0000 0.6667
-0.6667 0.3333 0.6667
(:,:,15,1) : 
1.0000 0.3333 0.0000
0.6667 0.0000 -0.6667
0.6667 -0.3333 -0.6667
(:,:,15,2) : 
-0.3333 -0.6667 -1.0000
-0.3333 -0.3333 -0.0000
1.0000 1.0000 1.0000
(:,:,15,3) : 
-0.6667 -0.6667 -0.3333
-0.3333 -0.0000 -0.3333
-0.6667 0.0000 0.0000
(:,:,15,4) : 
-0.0000 -0.3333 0.3333
0.0000 -0.0000 0.3333
0.3333 0.3333 0.6667
(:,:,15,5) : 
0.3333 0.0000 0.0000
-0.6667 -0.3333 0.6667
-0.3333 0.3333 0.3333
(:,:,15,6) : 
-0.3333 -0.6667 -0.6667
-1.0000 -1.0000 -0.0000
0.6667 0.3333 0.3333
(:,:,15,7) : 
1.0000 -0.6667 -0.0000
-0.3333 -1.0000 0.6667
-1.0000 -0.3333 0.6667
(:,:,15,8) : 
-0.0000 0.6667 0.0000
-0.3333 0.0000 -0.3333
-0.3333 0.6667 0.0000
(:,:,15,9) : 
0.3333 1.0000 0.6667
0.6667 0.0000 -0.6667
-0.0000 -1.0000 -1.0000
(:,:,15,10) : 
0.3333 0.3333 -0.6667
0.3333 -0.6667 -1.0000
-0.0000 -0.6667 -0.6667
(:,:,15,11) : 
0.3333 0.3333 -0.3333
-0.0000 0.3333 -0.3333
-1.0000 -1.0000 -1.0000
(:,:,15,12) : 
-0.3333 -0.6667 0.3333
0.0000 0.6667 1.0000
1.0000 1.0000 0.6667
(:,:,15,13) : 
-0.6667 -0.3333 0.6667
-0.3333 -1.0000 0.0000
0.6667 -0.3333 -0.6667
(:,:,15,14) : 
-0.6667 -0.0000 -0.6667
0.3333 0.0000 0.0000
0.3333 0.0000 0.0000
(:,:,15,15) : 
-0.3333 -0.3333 -0.3333
-0.6667 -0.6667 -0.6667
-0.3333 -0.6667 -0.6667
(:,:,15,16) : 
-0.0000 1.0000 0.3333
0.6667 0.3333 -0.6667
1.0000 -0.6667 -0.3333
(:,:,15,17) : 
0.0000 -0.3333 -0.6667
0.3333 -0.3333 -0.3333
-0.0000 0.0000 0.3333
(:,:,15,18) : 
0.6667 0.6667 0.3333
-0.3333 -0.3333 -0.3333
-0.6667 -0.3333 -0.3333
(:,:,15,19) : 
-1.0000 0.6667 0.6667
0.6667 1.0000 -0.0000
0.0000 -0.6667 -0.6667
(:,:,15,20) : 
-0.3333 0.6667 0.6667
-0.6667 -0.3333 0.3333
-1.0000 -0.3333 -0.0000
(:,:,15,21) : 
0.3333 0.3333 0.6667
0.0000 0.6667 0.3333
-0.6667 0.0000 -0.6667
(:,:,15,22) : 
-0.6667 -0.6667 -0.6667
-0.3333 -0.3333 -0.6667
0.3333 0.6667 0.3333
(:,:,15,23) : 
-0.3333 0.3333 0.0000
-0.3333 0.3333 -0.0000
-0.3333 -0.3333 -0.6667
(:,:,15,24) : 
-0.3333 -0.0000 0.3333
0.0000 0.3333 0.3333
-0.3333 -0.0000 -0.0000
(:,:,15,25) : 
0.6667 -0.6667 -0.3333
0.3333 -0.6667 -0.3333
-0.3333 0.6667 1.0000
(:,:,15,26) : 
-1.0000 -1.0000 -1.0000
1.0000 0.3333 -0.3333
1.0000 0.3333 0.0000
(:,:,15,27) : 
-0.3333 0.3333 -0.3333
-0.3333 0.0000 0.6667
-0.3333 -0.0000 0.3333
(:,:,15,28) : 
0.3333 -0.3333 -0.0000
-0.3333 -1.0000 -0.6667
0.6667 -0.6667 -0.6667
(:,:,15,29) : 
0.3333 0.6667 1.0000
-0.3333 0.0000 0.3333
-0.3333 -0.0000 -1.0000
(:,:,15,30) : 
-0.3333 -1.0000 -0.6667
0.0000 0.3333 -0.6667
0.3333 0.3333 -0.3333
(:,:,15,31) : 
-0.3333 1.0000 -0.3333
-0.3333 1.0000 1.0000
-1.0000 -0.3333 0.6667
(:,:,15,32) : 
0.6667 0.3333 -0.6667
1.0000 -0.0000 -1.0000
1.0000 -0.3333 -0.3333
(:,:,16,1) : 
0.6667 -0.3333 0.3333
-0.3333 -0.3333 0.3333
-0.0000 0.6667 0.6667
(:,:,16,2) : 
-0.3333 -0.0000 -0.3333
-0.3333 -0.6667 -0.3333
0.3333 0.6667 0.6667
(:,:,16,3) : 
-1.0000 -0.6667 -0.6667
-0.6667 -0.3333 -0.3333
0.3333 -0.3333 -0.0000
(:,:,16,4) : 
0.0000 0.3333 -0.3333
0.0000 0.3333 0.0000
-0.3333 0.3333 0.6667
(:,:,16,5) : 
-0.3333 -0.6667 -0.0000
-0.6667 -0.6667 1.0000
-0.3333 1.0000 1.0000
(:,:,16,6) : 
-0.6667 -0.6667 -0.3333
0.0000 0.3333 0.6667
0.6667 0.0000 -0.0000
(:,:,16,7) : 
1.0000 -1.0000 -0.6667
0.3333 -1.0000 0.3333
-1.0000 -0.6667 -0.3333
(:,:,16,8) : 
-0.6667 -0.0000 -0.3333
-0.0000 0.3333 0.3333
-0.0000 -0.0000 0.0000
(:,:,16,9) : 
-0.0000 -0.6667 -0.3333
0.3333 0.3333 -0.0000
0.3333 -0.0000 -0.3333
(:,:,16,10) : 
-0.3333 0.3333 0.3333
-0.6667 0.6667 0.6667
-0.3333 0.3333 -0.3333
(:,:,16,11) : 
-1.0000 -1.0000 -0.3333
-0.3333 -0.3333 -0.0000
0.0000 -0.3333 -0.0000
(:,:,16,12) : 
0.0000 1.0000 0.6667
0.3333 0.3333 0.3333
-0.6667 -0.3333 -0.6667
(:,:,16,13) : 
-0.6667 -0.3333 1.0000
-0.3333 -0.3333 0.3333
0.6667 0.3333 0.3333
(:,:,16,14) : 
0.6667 0.3333 -0.3333
0.6667 0.3333 -0.0000
0.0000 0.0000 -0.3333
(:,:,16,15) : 
-0.6667 -0.0000 -0.3333
-0.3333 0.0000 0.3333
0.0000 0.3333 0.3333
(:,:,16,16) : 
0.6667 1.0000 0.3333
0.3333 0.3333 -0.6667
0.6667 -0.6667 -0.6667
(:,:,16,17) : 
0.3333 0.3333 0.3333
0.3333 0.3333 0.0000
-0.6667 -0.6667 -0.3333
(:,:,16,18) : 
0.0000 -0.3333 0.3333
0.6667 0.6667 0.6667
-0.6667 -0.6667 -1.0000
(:,:,16,19) : 
-0.6667 -0.6667 -0.0000
-0.6667 1.0000 0.6667
-0.0000 0.6667 -1.0000
(:,:,16,20) : 
-0.0000 -0.0000 0.0000
0.0000 -0.3333 0.6667
-0.6667 -1.0000 0.3333
(:,:,16,21) : 
-0.3333 -1.0000 -0.3333
0.0000 0.3333 0.3333
-0.3333 0.3333 -1.0000
(:,:,16,22) : 
-0.6667 -0.6667 -0.3333
0.3333 0.6667 0.6667
0.6667 0.6667 0.3333
(:,:,16,23) : 
1.0000 1.0000 1.0000
-0.3333 -0.0000 -0.6667
-0.6667 -0.3333 -0.6667
(:,:,16,24) : 
-0.3333 1.0000 0.6667
-0.3333 0.3333 0.0000
-0.0000 0.3333 -0.0000
(:,:,16,25) : 
-0.3333 -0.3333 -0.3333
-0.3333 -0.6667 -0.3333
-0.3333 -0.3333 0.3333
(:,:,16,26) : 
-0.3333 0.0000 -0.0000
1.0000 0.6667 -0.6667
0.6667 0.6667 -1.0000
(:,:,16,27) : 
-0.6667 1.0000 0.6667
-1.0000 1.0000 1.0000
-1.0000 -1.0000 0.3333
(:,:,16,28) : 
0.3333 0.3333 0.3333
-1.0000 -1.0000 -0.3333
-0.0000 -0.3333 -0.0000
(:,:,16,29) : 
-0.3333 0.0000 0.6667
0.0000 -0.0000 0.3333
-0.3333 -0.3333 -0.3333
(:,:,16,30) : 
0.0000 -0.6667 0.3333
0.6667 -0.3333 0.0000
0.6667 0.3333 -0.0000
(:,:,16,31) : 
-0.3333 -0.3333 -1.0000
-0.6667 1.0000 0.6667
-1.0000 0.3333 0.6667
(:,:,16,32) : 
-0.0000 -0.3333 0.0000
-0.6667 -0.3333 0.3333
-0.6667 -0.0000 0.0000
(:,:,17,1) : 
0.0000 0.0000 0.0000
-0.0000 0.3333 0.3333
-0.3333 -0.6667 -1.0000
(:,:,17,2) : 
-0.6667 -0.6667 -1.0000
-0.0000 0.3333 -0.3333
1.0000 1.0000 0.3333
(:,:,17,3) : 
-0.6667 1.0000 1.0000
-1.0000 0.3333 1.0000
-1.0000 0.0000 1.0000
(:,:,17,4) : 
0.6667 0.0000 0.3333
0.6667 -0.3333 0.0000
0.3333 -0.3333 -0.0000
(:,:,17,5) : 
0.3333 0.6667 -0.3333
0.3333 0.0000 -0.6667
0.6667 -1.0000 -0.6667
(:,:,17,6) : 
-0.3333 -0.3333 -0.6667
0.3333 -0.0000 -0.3333
-0.3333 0.3333 0.6667
(:,:,17,7) : 
-0.3333 -0.3333 -1.0000
-0.3333 -0.0000 -0.3333
0.6667 0.6667 0.3333
(:,:,17,8) : 
-0.6667 1.0000 -0.6667
-1.0000 0.6667 -0.6667
-0.3333 1.0000 -0.0000
(:,:,17,9) : 
-0.3333 1.0000 1.0000
0.3333 1.0000 0.3333
-0.6667 0.0000 -0.6667
(:,:,17,10) : 
0.6667 -0.3333 -0.0000
1.0000 -0.6667 -0.3333
-0.3333 -0.3333 -0.0000
(:,:,17,11) : 
0.6667 0.6667 -0.0000
0.3333 0.6667 0.3333
-0.0000 0.0000 0.0000
(:,:,17,12) : 
0.3333 0.3333 -0.0000
-0.3333 0.3333 -0.0000
-0.6667 -0.3333 -0.0000
(:,:,17,13) : 
-0.3333 0.0000 0.0000
0.0000 0.3333 0.0000
1.0000 -0.0000 -0.3333
(:,:,17,14) : 
-0.3333 -0.0000 0.3333
-0.0000 -0.0000 0.0000
-0.3333 -0.3333 0.3333
(:,:,17,15) : 
0.6667 -0.0000 0.0000
0.3333 0.0000 0.3333
0.3333 -0.0000 0.0000
(:,:,17,16) : 
0.0000 0.3333 0.6667
-0.0000 0.3333 1.0000
0.3333 0.0000 -0.0000
(:,:,17,17) : 
0.3333 1.0000 0.3333
-0.3333 0.6667 0.3333
-1.0000 -0.6667 -0.6667
(:,:,17,18) : 
0.0000 1.0000 0.6667
0.3333 0.3333 0.0000
0.3333 -0.0000 0.0000
(:,:,17,19) : 
0.3333 -0.3333 0.0000
-0.6667 -0.3333 -0.0000
-0.3333 0.6667 0.3333
(:,:,17,20) : 
1.0000 -0.6667 0.6667
0.6667 -1.0000 -0.0000
0.6667 -1.0000 -0.0000
(:,:,17,21) : 
0.6667 0.3333 0.6667
-1.0000 -1.0000 -0.6667
-0.3333 -1.0000 -0.3333
(:,:,17,22) : 
-0.0000 0.0000 0.0000
-0.3333 0.0000 0.3333
-1.0000 -0.3333 -0.6667
(:,:,17,23) : 
-1.0000 -1.0000 -0.3333
1.0000 1.0000 1.0000
0.3333 0.6667 0.3333
(:,:,17,24) : 
0.6667 -0.6667 -0.3333
1.0000 0.0000 1.0000
1.0000 1.0000 1.0000
(:,:,17,25) : 
0.0000 0.6667 1.0000
0.3333 0.6667 0.3333
0.3333 0.6667 -0.3333
(:,:,17,26) : 
-0.0000 1.0000 -0.3333
0.6667 0.6667 -0.6667
0.3333 -0.6667 -0.0000
(:,:,17,27) : 
-0.0000 -0.3333 0.3333
0.6667 0.6667 -0.3333
0.0000 1.0000 -0.3333
(:,:,17,28) : 
0.0000 -1.0000 -1.0000
1.0000 1.0000 0.3333
0.6667 1.0000 1.0000
(:,:,17,29) : 
0.6667 0.0000 0.3333
-0.3333 0.0000 -0.0000
-0.3333 0.0000 0.0000
(:,:,17,30) : 
-0.6667 1.0000 0.6667
-1.0000 -0.3333 0.6667
-0.6667 -0.6667 -0.0000
(:,:,17,31) : 
-0.3333 -0.0000 0.6667
-0.0000 -0.6667 -0.3333
1.0000 1.0000 0.0000
(:,:,17,32) : 
-0.3333 0.3333 0.3333
-0.6667 -0.3333 0.0000
-0.3333 0.6667 1.0000
(:,:,18,1) : 
-0.3333 -0.3333 -0.3333
-0.3333 0.3333 1.0000
-0.3333 -0.6667 0.0000
(:,:,18,2) : 
0.3333 0.6667 0.3333
-0.3333 -0.3333 -1.0000
-0.3333 0.0000 -0.6667
(:,:,18,3) : 
-0.3333 1.0000 -0.3333
-0.6667 1.0000 0.3333
-0.6667 1.0000 0.3333
(:,:,18,4) : 
-0.3333 0.0000 0.3333
-1.0000 -0.6667 -0.3333
-0.6667 -1.0000 -0.6667
(:,:,18,5) : 
-0.6667 0.3333 -0.3333
0.6667 0.3333 -1.0000
0.3333 -0.6667 -0.6667
(:,:,18,6) : 
0.0000 0.3333 0.3333
-0.0000 -0.3333 -0.3333
-0.6667 -0.3333 0.6667
(:,:,18,7) : 
-0.6667 1.0000 -1.0000
0.6667 0.6667 -1.0000
0.3333 -0.3333 -0.3333
(:,:,18,8) : 
0.0000 -0.0000 -0.6667
-0.3333 -0.3333 -0.6667
-0.6667 -1.0000 -0.6667
(:,:,18,9) : 
-0.0000 -0.3333 0.3333
0.0000 0.3333 0.6667
-0.0000 0.3333 -0.0000
(:,:,18,10) : 
-0.6667 -0.6667 0.0000
-1.0000 -0.3333 0.6667
-0.6667 -0.3333 0.3333
(:,:,18,11) : 
-0.0000 -0.3333 -0.6667
0.3333 0.6667 0.0000
-0.6667 -0.6667 -0.6667
(:,:,18,12) : 
-0.0000 -0.6667 -0.6667
0.3333 0.3333 0.3333
-0.3333 -0.3333 0.3333
(:,:,18,13) : 
0.6667 0.3333 -0.6667
-0.0000 0.6667 1.0000
-0.6667 -0.0000 0.3333
(:,:,18,14) : 
-0.3333 -0.0000 -0.3333
-0.0000 0.6667 0.0000
-0.3333 0.0000 -0.3333
(:,:,18,15) : 
0.3333 -0.0000 0.3333
-0.3333 -0.3333 0.3333
-0.3333 -0.0000 0.0000
(:,:,18,16) : 
0.6667 -1.0000 -0.0000
-0.3333 -0.3333 0.0000
0.0000 1.0000 1.0000
(:,:,18,17) : 
-0.6667 -0.3333 -0.3333
0.0000 0.6667 0.3333
0.3333 0.3333 -0.3333
(:,:,18,18) : 
-1.0000 -0.0000 -0.0000
-0.6667 -0.6667 0.3333
1.0000 1.0000 1.0000
(:,:,18,19) : 
1.0000 -0.3333 0.0000
-0.6667 -1.0000 1.0000
-1.0000 0.6667 0.3333
(:,:,18,20) : 
-0.6667 0.6667 0.6667
-0.3333 1.0000 0.3333
-1.0000 -0.3333 -0.3333
(:,:,18,21) : 
1.0000 1.0000 0.0000
0.0000 -0.3333 -0.3333
0.3333 -0.0000 -0.3333
(:,:,18,22) : 
0.3333 -0.3333 -0.3333
-0.3333 -0.6667 -0.0000
-0.0000 0.0000 0.3333
(:,:,18,23) : 
-0.3333 -0.3333 -0.0000
0.6667 0.6667 1.0000
-1.0000 -0.0000 0.3333
(:,:,18,24) : 
0.6667 -0.0000 -0.6667
0.6667 0.3333 -0.0000
-0.3333 -0.3333 -0.3333
(:,:,18,25) : 
-0.6667 0.0000 0.3333
0.0000 0.6667 0.0000
0.6667 0.0000 -0.6667
(:,:,18,26) : 
-0.6667 -0.0000 1.0000
-1.0000 1.0000 0.3333
-0.3333 0.6667 -0.6667
(:,:,18,27) : 
-0.0000 -0.6667 -0.6667
1.0000 0.3333 -1.0000
-0.3333 0.6667 -1.0000
(:,:,18,28) : 
0.3333 -0.3333 -0.3333
0.6667 0.3333 -0.0000
-0.0000 0.0000 -0.0000
(:,:,18,29) : 
-0.3333 -0.3333 -1.0000
0.0000 0.6667 0.3333
0.3333 0.0000 0.0000
(:,:,18,30) : 
-1.0000 0.6667 -0.3333
-1.0000 0.6667 0.3333
-0.6667 0.3333 0.0000
(:,:,18,31) : 
0.3333 -0.6667 0.6667
0.6667 -0.3333 0.0000
0.3333 0.6667 -0.3333
(:,:,18,32) : 
0.0000 0.3333 -0.3333
0.6667 0.0000 -0.6667
0.6667 0.3333 -1.0000
(:,:,19,1) : 
-1.0000 -0.3333 0.6667
-0.6667 0.6667 0.6667
-0.6667 0.3333 0.3333
(:,:,19,2) : 
-0.0000 0.3333 -0.0000
-1.0000 -0.3333 -0.3333
0.6667 1.0000 -0.3333
(:,:,19,3) : 
-0.6667 0.3333 0.3333
-0.6667 -0.0000 0.6667
-0.3333 -0.3333 0.6667
(:,:,19,4) : 
0.6667 -0.0000 -0.3333
0.3333 -0.3333 -0.3333
-0.0000 -0.6667 -0.6667
(:,:,19,5) : 
-0.3333 0.3333 0.3333
0.3333 1.0000 0.3333
0.6667 0.3333 -1.0000
(:,:,19,6) : 
0.0000 0.6667 0.3333
0.6667 0.6667 0.3333
-1.0000 -1.0000 -0.3333
(:,:,19,7) : 
-0.3333 -0.3333 1.0000
-1.0000 -0.3333 0.3333
0.3333 1.0000 0.3333
(:,:,19,8) : 
0.6667 0.3333 0.0000
-0.0000 0.3333 0.0000
-0.3333 0.0000 -0.0000
(:,:,19,9) : 
1.0000 0.6667 0.0000
-0.3333 0.0000 -0.0000
-0.6667 0.3333 0.3333
(:,:,19,10) : 
-0.6667 0.6667 0.0000
-0.6667 1.0000 0.3333
-0.3333 1.0000 0.0000
(:,:,19,11) : 
-0.6667 -0.6667 -1.0000
0.6667 0.3333 -0.3333
0.6667 0.3333 -0.3333
(:,:,19,12) : 
-0.3333 -0.3333 -0.3333
0.3333 0.6667 -0.0000
-0.0000 0.3333 0.6667
(:,:,19,13) : 
0.0000 0.3333 -0.6667
0.0000 1.0000 0.3333
-0.6667 0.0000 0.3333
(:,:,19,14) : 
-1.0000 -1.0000 0.3333
-1.0000 -0.0000 1.0000
-1.0000 0.0000 0.6667
(:,:,19,15) : 
-0.3333 -0.3333 -0.3333
-0.3333 -0.6667 -0.6667
-0.6667 -1.0000 -1.0000
(:,:,19,16) : 
-0.0000 -1.0000 -0.6667
-0.3333 -1.0000 0.3333
-0.3333 1.0000 1.0000
(:,:,19,17) : 
-0.6667 -0.3333 -0.6667
-0.3333 0.3333 -0.3333
0.0000 0.6667 0.3333
(:,:,19,18) : 
0.0000 0.0000 -0.0000
0.3333 -0.6667 -1.0000
0.6667 0.0000 0.3333
(:,:,19,19) : 
0.3333 -0.0000 -0.6667
0.0000 -0.6667 -0.3333
-0.6667 -0.6667 0.6667
(:,:,19,20) : 
0.6667 -0.3333 0.6667
0.0000 -0.6667 0.0000
0.3333 -1.0000 -0.3333
(:,:,19,21) : 
0.6667 1.0000 1.0000
-1.0000 -1.0000 1.0000
-1.0000 -1.0000 0.3333
(:,:,19,22) : 
-0.3333 0.6667 0.6667
0.0000 0.6667 0.6667
-0.3333 0.0000 -0.6667
(:,:,19,23) : 
-0.3333 -0.3333 -0.3333
1.0000 1.0000 1.0000
-0.0000 -0.0000 -0.3333
(:,:,19,24) : 
-0.3333 -0.3333 0.3333
0.3333 0.0000 1.0000
-0.0000 -0.3333 0.0000
(:,:,19,25) : 
-0.6667 0.3333 0.6667
-0.6667 0.6667 0.6667
0.6667 0.6667 0.6667
(:,:,19,26) : 
-0.3333 1.0000 -0.3333
0.3333 -0.0000 -0.0000
-0.6667 -1.0000 0.0000
(:,:,19,27) : 
-0.6667 -0.3333 -0.3333
0.3333 0.6667 -0.0000
-0.6667 0.3333 -0.3333
(:,:,19,28) : 
-0.0000 -1.0000 -1.0000
1.0000 1.0000 -0.3333
0.3333 0.6667 -0.6667
(:,:,19,29) : 
0.3333 -1.0000 -1.0000
1.0000 -0.0000 -1.0000
0.3333 0.6667 -0.0000
(:,:,19,30) : 
-0.3333 0.3333 0.6667
-0.6667 -0.6667 1.0000
0.0000 0.0000 0.6667
(:,:,19,31) : 
-0.3333 -0.3333 0.6667
0.6667 -1.0000 -0.6667
0.0000 -0.6667 -0.3333
(:,:,19,32) : 
0.0000 -0.3333 -0.3333
0.0000 0.3333 -0.3333
0.3333 0.3333 -0.6667
(:,:,20,1) : 
0.0000 -0.6667 0.6667
0.0000 -0.6667 0.3333
-0.0000 -0.6667 -0.3333
(:,:,20,2) : 
0.3333 0.0000 0.3333
-0.0000 -0.3333 0.0000
1.0000 0.3333 0.3333
(:,:,20,3) : 
0.3333 0.0000 -0.3333
0.6667 -0.0000 -0.3333
0.0000 -0.0000 -0.3333
(:,:,20,4) : 
-0.3333 0.6667 -0.0000
-0.0000 0.6667 0.3333
0.6667 0.6667 0.3333
(:,:,20,5) : 
0.3333 0.0000 -0.0000
0.0000 -0.0000 -0.3333
-0.0000 -0.3333 -0.6667
(:,:,20,6) : 
-0.6667 -0.3333 -0.0000
0.3333 -0.6667 -1.0000
1.0000 1.0000 1.0000
(:,:,20,7) : 
-0.6667 -0.0000 0.3333
0.3333 1.0000 -0.3333
0.3333 0.3333 -0.0000
(:,:,20,8) : 
0.6667 0.0000 0.6667
1.0000 0.3333 1.0000
-0.0000 -0.6667 0.0000
(:,:,20,9) : 
-0.3333 -0.0000 -0.0000
-1.0000 -0.6667 0.6667
0.0000 -0.3333 1.0000
(:,:,20,10) : 
0.6667 1.0000 0.3333
0.0000 0.6667 0.0000
-0.3333 0.3333 -0.3333
(:,:,20,11) : 
-0.3333 0.0000 -0.0000
-0.6667 -0.6667 -1.0000
-0.0000 -0.3333 -0.6667
(:,:,20,12) : 
0.0000 -0.0000 0.3333
0.0000 0.3333 0.6667
-0.3333 -0.0000 0.6667
(:,:,20,13) : 
0.3333 0.0000 -0.6667
-0.3333 0.6667 0.3333
-0.3333 -0.3333 -0.3333
(:,:,20,14) : 
0.0000 -0.6667 -1.0000
0.0000 -0.3333 -0.6667
-0.0000 -0.6667 -1.0000
(:,:,20,15) : 
-0.3333 -0.0000 -0.0000
-0.3333 0.3333 -0.0000
-0.3333 0.0000 -0.0000
(:,:,20,16) : 
-0.0000 -0.3333 -0.3333
0.0000 -0.6667 -0.3333
-0.6667 -1.0000 -0.0000
(:,:,20,17) : 
-0.0000 0.0000 0.6667
0.3333 0.0000 1.0000
0.0000 -0.0000 0.6667
(:,:,20,18) : 
-0.6667 -1.0000 -0.3333
0.6667 0.6667 0.6667
0.0000 0.0000 -0.3333
(:,:,20,19) : 
-0.3333 0.3333 0.6667
-1.0000 0.6667 -0.3333
0.3333 1.0000 -0.6667
(:,:,20,20) : 
0.3333 1.0000 -0.6667
-0.0000 1.0000 -0.6667
-0.6667 1.0000 -0.6667
(:,:,20,21) : 
-0.3333 -0.0000 0.3333
0.3333 0.6667 0.0000
0.6667 0.0000 -1.0000
(:,:,20,22) : 
-0.3333 -0.3333 0.0000
-0.3333 -0.3333 0.3333
0.3333 -0.3333 0.3333
(:,:,20,23) : 
0.0000 0.0000 -0.3333
-0.3333 -0.3333 -0.6667
-0.0000 -0.3333 -0.0000
(:,:,20,24) : 
0.3333 0.0000 -0.3333
-0.6667 -0.3333 -0.3333
-0.6667 -0.0000 -0.3333
(:,:,20,25) : 
-0.0000 0.0000 0.6667
-0.0000 0.3333 0.3333
-0.0000 -0.6667 -1.0000
(:,:,20,26) : 
-1.0000 0.3333 0.0000
-0.6667 0.6667 0.3333
-0.3333 0.6667 -0.3333
(:,:,20,27) : 
0.6667 0.3333 -0.6667
1.0000 1.0000 -0.0000
-1.0000 0.3333 0.3333
(:,:,20,28) : 
0.0000 0.6667 0.3333
-0.3333 0.3333 0.3333
0.3333 0.3333 0.0000
(:,:,20,29) : 
-0.6667 -0.0000 0.6667
-0.6667 -0.3333 0.3333
-0.0000 -0.6667 0.3333
(:,:,20,30) : 
-1.0000 -1.0000 -0.3333
0.0000 1.0000 -0.0000
-0.0000 1.0000 -0.0000
(:,:,20,31) : 
-0.3333 -0.6667 0.3333
0.3333 0.3333 -0.3333
0.3333 0.0000 -1.0000
(:,:,20,32) : 
1.0000 1.0000 -0.6667
0.3333 0.0000 -0.3333
-0.3333 -1.0000 -1.0000
(:,:,21,1) : 
-0.3333 -0.0000 -0.3333
-0.0000 0.3333 0.3333
-0.3333 1.0000 0.3333
(:,:,21,2) : 
0.0000 -0.0000 0.6667
1.0000 1.0000 0.6667
-0.3333 -1.0000 -0.3333
(:,:,21,3) : 
-0.3333 -0.3333 -0.0000
-0.0000 -0.0000 -0.0000
0.3333 -0.0000 -0.3333
(:,:,21,4) : 
0.6667 0.3333 0.3333
0.6667 0.0000 0.3333
0.6667 0.3333 0.6667
(:,:,21,5) : 
0.3333 0.6667 0.3333
-0.0000 -0.6667 -0.6667
-0.3333 -1.0000 -0.3333
(:,:,21,6) : 
-0.3333 -0.0000 -0.3333
-0.0000 0.3333 0.3333
0.3333 0.0000 0.6667
(:,:,21,7) : 
-0.3333 0.6667 0.6667
-0.3333 0.0000 -0.0000
-0.3333 -0.3333 -0.3333
(:,:,21,8) : 
-0.3333 0.0000 -0.0000
-0.0000 0.3333 0.3333
-0.3333 -0.0000 0.0000
(:,:,21,9) : 
0.3333 0.6667 0.0000
-0.3333 -0.0000 -0.3333
-0.0000 -0.3333 -0.0000
(:,:,21,10) : 
-0.3333 -0.0000 0.6667
-0.6667 -0.0000 0.3333
-0.0000 -0.3333 0.6667
(:,:,21,11) : 
0.0000 -0.0000 0.0000
0.6667 0.6667 0.3333
0.6667 1.0000 0.6667
(:,:,21,12) : 
-0.3333 0.3333 0.3333
-0.6667 -0.0000 -0.3333
-0.3333 0.0000 0.6667
(:,:,21,13) : 
0.0000 0.3333 0.3333
-0.3333 -0.3333 0.3333
-0.3333 -0.6667 -1.0000
(:,:,21,14) : 
0.6667 0.3333 0.6667
0.6667 0.6667 1.0000
0.6667 0.6667 0.6667
(:,:,21,15) : 
-0.0000 0.0000 -0.0000
0.0000 -0.0000 -0.3333
0.6667 0.3333 -0.0000
(:,:,21,16) : 
0.3333 -0.3333 -0.0000
-0.3333 -0.3333 -0.0000
-0.6667 0.6667 0.0000
(:,:,21,17) : 
0.6667 0.3333 0.6667
-0.0000 -0.3333 -0.3333
0.0000 -0.3333 0.0000
(:,:,21,18) : 
-0.3333 -0.3333 -0.6667
0.6667 0.6667 1.0000
0.6667 0.3333 0.3333
(:,:,21,19) : 
1.0000 -0.3333 -0.3333
-0.3333 -0.6667 0.3333
-0.3333 0.3333 0.6667
(:,:,21,20) : 
-0.0000 -0.3333 -0.6667
0.3333 1.0000 0.0000
0.3333 1.0000 0.3333
(:,:,21,21) : 
0.6667 1.0000 0.0000
0.3333 -0.3333 -0.3333
0.3333 -0.3333 -0.3333
(:,:,21,22) : 
0.3333 -0.0000 0.0000
-0.3333 0.3333 0.0000
-0.0000 -0.0000 -0.3333
(:,:,21,23) : 
0.0000 -0.6667 -0.6667
0.6667 0.6667 0.3333
0.0000 0.6667 0.3333
(:,:,21,24) : 
-0.3333 -0.6667 0.0000
0.3333 -0.0000 0.6667
0.3333 0.0000 0.0000
(:,:,21,25) : 
-0.3333 -0.6667 -1.0000
-0.0000 0.0000 -0.6667
-0.3333 -0.3333 -0.6667
(:,:,21,26) : 
0.3333 -0.0000 0.0000
-0.3333 0.0000 0.3333
0.3333 0.3333 -0.6667
(:,:,21,27) : 
-0.0000 0.0000 -0.0000
-0.3333 -0.6667 -0.3333
0.3333 -0.3333 -0.6667
(:,:,21,28) : 
0.6667 0.3333 0.6667
0.3333 0.3333 0.6667
-0.6667 -0.6667 -0.6667
(:,:,21,29) : 
0.0000 0.3333 -0.6667
0.6667 0.6667 -0.6667
0.3333 0.3333 -0.3333
(:,:,21,30) : 
-0.0000 0.3333 0.3333
0.0000 -0.6667 0.0000
-0.0000 0.0000 -0.3333
(:,:,21,31) : 
0.3333 0.0000 -0.3333
-0.0000 0.3333 0.6667
-0.6667 -0.3333 1.0000
(:,:,21,32) : 
-0.0000 -0.6667 0.0000
-0.0000 -0.3333 0.3333
-0.3333 -0.3333 0.3333
(:,:,22,1) : 
0.6667 1.0000 0.3333
-0.0000 0.6667 -0.6667
-0.6667 0.3333 -1.0000
(:,:,22,2) : 
-0.3333 0.6667 -0.0000
-1.0000 -1.0000 -0.3333
0.6667 0.0000 0.0000
(:,:,22,3) : 
0.6667 0.0000 -0.3333
0.0000 0.0000 -1.0000
-0.3333 0.3333 0.3333
(:,:,22,4) : 
0.3333 0.3333 0.0000
-0.3333 -0.0000 -0.0000
0.6667 0.3333 0.6667
(:,:,22,5) : 
-0.6667 -0.3333 0.6667
-0.3333 0.0000 0.6667
-0.6667 0.3333 0.6667
(:,:,22,6) : 
0.3333 0.3333 -0.3333
-0.3333 -0.6667 -0.0000
1.0000 0.6667 0.3333
(:,:,22,7) : 
1.0000 0.0000 0.6667
0.6667 -0.0000 0.3333
-0.3333 -0.0000 -1.0000
(:,:,22,8) : 
0.6667 1.0000 0.3333
0.0000 0.3333 -0.3333
-0.3333 -0.6667 -1.0000
(:,:,22,9) : 
-0.3333 -0.3333 -0.6667
0.3333 0.3333 -0.3333
-0.3333 0.3333 -0.3333
(:,:,22,10) : 
-0.6667 0.3333 0.0000
-0.3333 0.3333 -0.3333
0.0000 0.0000 -0.6667
(:,:,22,11) : 
0.3333 -0.3333 -0.6667
0.3333 -0.3333 -0.0000
0.3333 -0.3333 -0.0000
(:,:,22,12) : 
0.3333 1.0000 0.3333
-0.3333 -0.6667 -1.0000
-0.6667 -0.6667 -1.0000
(:,:,22,13) : 
-0.6667 -0.0000 1.0000
-0.6667 -1.0000 0.0000
1.0000 -0.0000 -0.6667
(:,:,22,14) : 
-1.0000 -0.0000 -0.3333
-1.0000 -0.3333 -0.3333
-0.6667 -0.0000 -0.6667
(:,:,22,15) : 
-0.3333 -0.3333 -0.3333
-0.6667 -0.6667 -0.3333
-0.3333 -0.3333 -0.0000
(:,:,22,16) : 
-0.3333 0.0000 0.3333
-1.0000 0.6667 0.0000
-0.6667 0.0000 -0.3333
(:,:,22,17) : 
1.0000 0.6667 0.6667
-0.0000 -0.6667 0.0000
-0.6667 -0.6667 -0.3333
(:,:,22,18) : 
-0.3333 -0.0000 -0.6667
0.3333 0.6667 0.3333
-1.0000 -0.0000 -0.0000
(:,:,22,19) : 
-1.0000 -0.3333 0.3333
-1.0000 0.6667 0.6667
0.0000 1.0000 -0.3333
(:,:,22,20) : 
0.0000 -0.0000 0.6667
0.3333 -0.6667 -0.3333
0.6667 -1.0000 -0.6667
(:,:,22,21) : 
-0.0000 -0.6667 0.3333
0.3333 -0.3333 0.6667
0.6667 0.3333 1.0000
(:,:,22,22) : 
-1.0000 -0.6667 -0.3333
0.3333 0.3333 0.3333
0.3333 0.0000 -0.3333
(:,:,22,23) : 
-0.6667 -0.3333 -0.0000
-0.6667 -0.6667 -0.6667
1.0000 0.0000 0.3333
(:,:,22,24) : 
-0.6667 -0.6667 -0.0000
-0.6667 -0.0000 0.6667
0.0000 0.3333 0.6667
(:,:,22,25) : 
0.3333 -0.6667 -0.3333
-1.0000 -1.0000 -1.0000
-1.0000 -1.0000 -1.0000
(:,:,22,26) : 
-0.0000 0.0000 -0.3333
0.3333 -0.0000 0.3333
-0.6667 -0.6667 0.6667
(:,:,22,27) : 
0.0000 0.6667 -0.3333
-0.0000 0.3333 0.0000
-0.6667 -0.3333 0.3333
(:,:,22,28) : 
0.6667 0.6667 0.6667
-0.6667 -0.6667 0.0000
-1.0000 -1.0000 -0.3333
(:,:,22,29) : 
-0.0000 0.6667 0.6667
-1.0000 0.0000 1.0000
-0.6667 -0.3333 0.6667
(:,:,22,30) : 
-0.0000 -0.3333 -0.6667
-0.3333 0.6667 -0.3333
-1.0000 0.6667 0.0000
(:,:,22,31) : 
0.0000 0.3333 -1.0000
-0.3333 1.0000 0.6667
-0.3333 0.3333 0.3333
(:,:,22,32) : 
-0.6667 0.3333 -0.6667
-0.6667 1.0000 -0.3333
-0.6667 1.0000 0.6667
(:,:,23,1) : 
0.0000 -0.0000 -0.0000
-0.3333 -0.3333 -0.3333
0.0000 -0.0000 0.3333
(:,:,23,2) : 
-1.0000 -1.0000 -1.0000
0.6667 0.3333 0.3333
1.0000 1.0000 0.6667
(:,:,23,3) : 
-0.0000 0.3333 -0.3333
0.3333 0.0000 -0.6667
0.0000 0.3333 -0.3333
(:,:,23,4) : 
-0.0000 -0.3333 -0.3333
-0.0000 -0.0000 -0.3333
0.3333 0.3333 0.0000
(:,:,23,5) : 
-0.3333 0.3333 0.6667
0.0000 1.0000 -0.0000
0.6667 -0.0000 -1.0000
(:,:,23,6) : 
0.3333 0.6667 0.6667
0.3333 -0.6667 -0.3333
-0.0000 -0.3333 -0.3333
(:,:,23,7) : 
0.0000 0.6667 -0.3333
0.0000 1.0000 0.6667
0.3333 0.6667 0.3333
(:,:,23,8) : 
-0.0000 -0.0000 -0.0000
0.0000 -0.0000 -0.3333
-0.3333 -0.0000 -0.0000
(:,:,23,9) : 
-0.0000 -0.6667 -0.3333
-0.3333 -0.3333 0.0000
0.3333 0.3333 0.3333
(:,:,23,10) : 
0.6667 0.6667 -0.0000
0.3333 0.0000 -0.6667
0.0000 -0.0000 -0.6667
(:,:,23,11) : 
1.0000 1.0000 0.6667
0.6667 0.6667 0.3333
-0.0000 -0.3333 -0.6667
(:,:,23,12) : 
0.3333 -0.3333 -0.3333
-0.0000 -0.0000 -0.0000
0.3333 0.6667 0.6667
(:,:,23,13) : 
-0.6667 -0.3333 0.3333
-0.6667 0.0000 -0.0000
-0.3333 0.0000 0.0000
(:,:,23,14) : 
-0.3333 -0.3333 0.0000
0.0000 -0.0000 0.0000
0.0000 0.3333 0.3333
(:,:,23,15) : 
-0.0000 -0.3333 0.0000
0.0000 0.0000 0.3333
0.3333 0.3333 0.3333
(:,:,23,16) : 
0.6667 0.0000 0.0000
0.6667 -0.3333 0.0000
0.0000 -0.6667 -0.6667
(:,:,23,17) : 
0.3333 -0.3333 0.3333
-0.0000 -0.3333 0.3333
0.6667 1.0000 0.3333
(:,:,23,18) : 
-0.3333 0.0000 0.3333
-1.0000 -0.6667 -0.6667
0.3333 -0.3333 -0.3333
(:,:,23,19) : 
-1.0000 -0.3333 0.3333
-0.0000 1.0000 0.6667
0.3333 0.3333 -1.0000
(:,:,23,20) : 
-0.6667 -0.0000 -0.3333
-0.3333 -0.6667 -1.0000
0.3333 -0.6667 0.0000
(:,:,23,21) : 
-0.6667 -0.6667 -0.6667
0.0000 0.0000 -1.0000
1.0000 1.0000 -0.3333
(:,:,23,22) : 
-0.3333 -0.3333 -0.3333
0.0000 0.0000 0.3333
0.3333 0.6667 0.6667
(:,:,23,23) : 
0.6667 0.6667 0.3333
-1.0000 -0.6667 -1.0000
-0.0000 0.3333 -0.0000
(:,:,23,24) : 
0.6667 0.3333 0.0000
-0.0000 0.3333 -0.3333
-0.6667 0.0000 -0.3333
(:,:,23,25) : 
-0.6667 -1.0000 -0.0000
-1.0000 -0.3333 0.3333
-0.0000 0.3333 0.0000
(:,:,23,26) : 
-1.0000 -0.0000 0.6667
-0.3333 1.0000 -0.0000
0.3333 1.0000 -0.6667
(:,:,23,27) : 
-0.6667 -0.3333 0.3333
0.3333 -0.6667 -0.3333
0.6667 -0.0000 -0.6667
(:,:,23,28) : 
-0.3333 0.0000 0.3333
-0.3333 -0.0000 -0.0000
-0.3333 -0.3333 -0.3333
(:,:,23,29) : 
0.6667 -0.0000 0.3333
0.3333 -0.3333 0.3333
0.6667 -0.3333 0.0000
(:,:,23,30) : 
-0.3333 0.3333 0.0000
0.0000 0.6667 -0.6667
-0.3333 0.3333 -0.6667
(:,:,23,31) : 
-0.6667 0.0000 0.3333
-0.6667 -0.3333 0.6667
-0.6667 -0.6667 -0.6667
(:,:,23,32) : 
0.3333 0.0000 0.6667
-0.0000 -0.6667 0.3333
-0.0000 -0.0000 0.6667
(:,:,24,1) : 
-0.3333 -0.3333 -1.0000
1.0000 0.6667 0.0000
1.0000 0.6667 -0.0000
(:,:,24,2) : 
1.0000 1.0000 0.6667
0.3333 -0.3333 -0.3333
-1.0000 -1.0000 -1.0000
(:,:,24,3) : 
0.0000 -0.3333 -0.6667
1.0000 -0.3333 -0.6667
1.0000 -0.3333 -1.0000
(:,:,24,4) : 
1.0000 1.0000 0.0000
0.0000 0.0000 -0.6667
-0.3333 -0.3333 -1.0000
(:,:,24,5) : 
-0.6667 -0.3333 1.0000
-0.3333 1.0000 1.0000
-0.6667 0.3333 -0.0000
(:,:,24,6) : 
1.0000 1.0000 0.6667
-0.6667 -0.3333 -0.3333
-0.6667 -0.6667 -0.6667
(:,:,24,7) : 
0.6667 -0.3333 0.0000
0.6667 -0.6667 0.3333
0.0000 -0.3333 -1.0000
(:,:,24,8) : 
0.3333 -1.0000 -0.0000
0.6667 0.0000 1.0000
-0.6667 -1.0000 -1.0000
(:,:,24,9) : 
0.0000 -1.0000 -1.0000
0.6667 -0.6667 -0.6667
0.6667 0.6667 0.3333
(:,:,24,10) : 
-0.6667 0.3333 -0.3333
-0.6667 0.3333 0.6667
0.0000 0.3333 0.3333
(:,:,24,11) : 
-0.3333 -0.0000 -0.3333
0.3333 0.6667 0.3333
-0.6667 -0.3333 -0.3333
(:,:,24,12) : 
-0.6667 -1.0000 -0.0000
1.0000 -0.3333 0.0000
0.6667 -0.3333 0.0000
(:,:,24,13) : 
1.0000 1.0000 -0.6667
-0.0000 0.6667 0.3333
-1.0000 -1.0000 1.0000
(:,:,24,14) : 
-0.6667 0.3333 -0.3333
-0.0000 0.3333 -0.3333
-0.0000 0.0000 -1.0000
(:,:,24,15) : 
-0.3333 0.3333 0.0000
0.0000 0.0000 -0.0000
-0.3333 -0.0000 -0.6667
(:,:,24,16) : 
-0.0000 -0.0000 -1.0000
0.3333 -0.3333 -0.3333
-0.3333 -0.6667 -0.3333
(:,:,24,17) : 
-0.0000 -1.0000 -1.0000
1.0000 1.0000 0.3333
1.0000 1.0000 1.0000
(:,:,24,18) : 
0.0000 -1.0000 -0.6667
0.3333 -0.6667 -0.3333
1.0000 1.0000 0.6667
(:,:,24,19) : 
0.0000 0.3333 -0.6667
0.3333 -0.0000 -0.3333
1.0000 -0.6667 0.6667
(:,:,24,20) : 
-1.0000 0.3333 -0.6667
-0.3333 1.0000 1.0000
-0.6667 0.6667 0.0000
(:,:,24,21) : 
0.6667 0.6667 -0.0000
-0.6667 -0.6667 -0.3333
0.3333 -0.6667 0.3333
(:,:,24,22) : 
0.3333 0.0000 0.3333
0.6667 -0.3333 -0.3333
1.0000 0.6667 0.3333
(:,:,24,23) : 
-0.6667 -0.3333 -0.3333
-0.6667 -1.0000 -1.0000
-0.3333 -0.3333 -0.6667
(:,:,24,24) : 
0.3333 0.3333 1.0000
-0.0000 -0.3333 -0.0000
-0.0000 0.0000 -0.3333
(:,:,24,25) : 
-0.3333 0.6667 0.0000
0.0000 1.0000 0.6667
0.3333 0.3333 0.6667
(:,:,24,26) : 
-0.6667 -1.0000 -0.0000
0.3333 -0.6667 -0.0000
-0.6667 -0.6667 0.3333
(:,:,24,27) : 
-0.0000 0.3333 0.6667
1.0000 -0.6667 0.0000
1.0000 -0.3333 -1.0000
(:,:,24,28) : 
0.0000 0.0000 0.3333
-0.6667 -0.3333 0.0000
-0.6667 -1.0000 -0.6667
(:,:,24,29) : 
-0.0000 -1.0000 -0.6667
0.6667 -0.3333 -1.0000
0.6667 0.3333 -0.0000
(:,:,24,30) : 
0.6667 -0.6667 -0.3333
1.0000 0.3333 -0.6667
0.3333 0.6667 -0.3333
(:,:,24,31) : 
1.0000 -0.3333 -1.0000
0.3333 -0.3333 -1.0000
1.0000 -0.6667 0.3333
(:,:,24,32) : 
0.6667 0.6667 -0.6667
1.0000 1.0000 -0.3333
1.0000 0.0000 -1.0000
(:,:,25,1) : 
-0.3333 0.0000 0.3333
-0.3333 -0.3333 0.0000
-0.6667 -0.6667 -0.3333
(:,:,25,2) : 
0.3333 0.3333 0.0000
-0.3333 -0.3333 -0.3333
-0.6667 -0.3333 -0.6667
(:,:,25,3) : 
0.3333 0.0000 0.3333
0.3333 0.0000 0.3333
-0.0000 -0.3333 0.0000
(:,:,25,4) : 
0.3333 0.3333 0.3333
0.3333 0.6667 0.3333
0.3333 0.3333 0.3333
(:,:,25,5) : 
0.0000 -0.0000 -0.3333
0.3333 -0.3333 -0.6667
0.3333 -0.6667 -1.0000
(:,:,25,6) : 
-0.3333 -0.0000 0.0000
-0.3333 -0.3333 -0.3333
0.0000 0.0000 -0.3333
(:,:,25,7) : 
0.3333 0.6667 0.6667
0.0000 -0.0000 0.0000
0.0000 -0.0000 0.0000
(:,:,25,8) : 
-0.3333 -0.3333 -0.3333
-0.3333 -0.3333 0.0000
-0.6667 0.0000 0.0000
(:,:,25,9) : 
-0.6667 -0.6667 -1.0000
-0.6667 -0.6667 -0.6667
-0.3333 -0.3333 -0.0000
(:,:,25,10) : 
0.0000 -0.3333 0.3333
0.0000 -0.3333 0.0000
0.0000 -0.3333 0.0000
(:,:,25,11) : 
-0.0000 0.3333 0.3333
0.0000 0.3333 0.3333
-0.0000 0.0000 0.0000
(:,:,25,12) : 
-0.6667 -0.6667 -0.6667
-0.6667 -0.3333 -0.6667
-0.3333 0.3333 -0.0000
(:,:,25,13) : 
0.6667 0.3333 -0.0000
-0.0000 -0.0000 -0.3333
-0.6667 -0.6667 -0.3333
(:,:,25,14) : 
-0.0000 -0.3333 -0.3333
0.3333 0.3333 0.3333
0.3333 0.3333 0.0000
(:,:,25,15) : 
0.0000 0.6667 -0.0000
0.3333 0.6667 0.3333
0.3333 0.6667 0.3333
(:,:,25,16) : 
-0.3333 -0.3333 -0.3333
-0.3333 -0.3333 -0.3333
-0.0000 -0.0000 -0.0000
(:,:,25,17) : 
-0.6667 -0.6667 -1.0000
0.3333 0.3333 0.0000
0.3333 0.6667 0.6667
(:,:,25,18) : 
-0.3333 -0.6667 -0.6667
-0.3333 -0.3333 -0.6667
-0.3333 -0.0000 -0.0000
(:,:,25,19) : 
-0.3333 -0.6667 -0.3333
-0.3333 -0.3333 -0.3333
-0.3333 -0.3333 0.0000
(:,:,25,20) : 
-0.0000 -1.0000 -0.6667
-0.3333 -0.6667 -0.3333
-0.6667 -1.0000 -0.6667
(:,:,25,21) : 
-0.0000 0.0000 0.0000
-0.3333 -0.0000 0.3333
-0.3333 -0.3333 -0.3333
(:,:,25,22) : 
-0.0000 0.0000 0.0000
-0.0000 0.0000 -0.0000
0.0000 0.0000 0.0000
(:,:,25,23) : 
-0.3333 -0.6667 -0.3333
0.0000 -0.3333 -0.6667
1.0000 0.6667 0.6667
(:,:,25,24) : 
0.6667 0.6667 0.3333
0.3333 0.0000 -0.0000
0.3333 0.3333 0.3333
(:,:,25,25) : 
-0.6667 -1.0000 -1.0000
-0.6667 -0.6667 -0.6667
-0.3333 -0.3333 -0.3333
(:,:,25,26) : 
-0.0000 -0.3333 -0.0000
0.3333 -0.0000 -0.0000
0.0000 -0.3333 -0.3333
(:,:,25,27) : 
-0.0000 -0.3333 0.0000
0.0000 -0.6667 -0.3333
0.6667 -0.0000 -0.3333
(:,:,25,28) : 
0.0000 0.3333 0.3333
-0.3333 -0.0000 0.3333
-0.6667 -0.0000 0.0000
(:,:,25,29) : 
0.3333 -0.6667 -0.6667
0.6667 -0.3333 -0.3333
0.3333 0.0000 0.0000
(:,:,25,30) : 
-0.0000 -0.3333 0.3333
-0.0000 -0.6667 0.3333
-0.0000 -0.6667 0.3333
(:,:,25,31) : 
-1.0000 -0.6667 -0.3333
-0.3333 -0.3333 0.0000
-0.0000 -0.3333 0.0000
(:,:,25,32) : 
-0.6667 -0.0000 0.6667
-0.6667 -0.3333 0.6667
-1.0000 -0.6667 0.3333
(:,:,26,1) : 
0.3333 0.0000 0.6667
0.0000 0.0000 -0.3333
-0.3333 0.0000 -0.3333
(:,:,26,2) : 
-1.0000 -0.6667 -1.0000
-0.6667 -0.3333 -0.0000
-1.0000 -0.6667 -0.0000
(:,:,26,3) : 
0.0000 -0.6667 -0.6667
0.6667 -0.0000 -0.3333
0.6667 0.0000 -0.3333
(:,:,26,4) : 
0.0000 -0.0000 -0.3333
-0.3333 -0.3333 -0.6667
-0.0000 -0.3333 -0.0000
(:,:,26,5) : 
-0.3333 -0.3333 0.0000
-0.3333 0.0000 0.6667
-0.6667 -0.0000 0.6667
(:,:,26,6) : 
0.3333 0.3333 -0.0000
-1.0000 -1.0000 -0.6667
0.3333 0.3333 0.0000
(:,:,26,7) : 
1.0000 0.0000 -0.3333
0.3333 -0.3333 -0.3333
0.3333 0.0000 -0.0000
(:,:,26,8) : 
-1.0000 -0.3333 -1.0000
-1.0000 0.0000 -0.6667
-0.3333 -0.0000 -0.3333
(:,:,26,9) : 
-0.3333 0.3333 0.0000
1.0000 0.6667 1.0000
-0.6667 -0.6667 0.3333
(:,:,26,10) : 
-0.0000 0.3333 -0.3333
-0.0000 -0.0000 -0.6667
0.3333 0.0000 -0.3333
(:,:,26,11) : 
-0.3333 -0.3333 -0.3333
-0.3333 -0.0000 -0.0000
0.3333 -0.0000 0.3333
(:,:,26,12) : 
0.3333 0.3333 0.3333
0.6667 0.3333 0.3333
0.6667 0.0000 -0.0000
(:,:,26,13) : 
-0.0000 0.3333 0.3333
0.0000 -0.0000 -0.0000
0.3333 -0.3333 0.0000
(:,:,26,14) : 
-0.6667 -0.0000 0.3333
-0.6667 -0.0000 0.0000
-0.3333 -0.3333 -0.0000
(:,:,26,15) : 
0.0000 -0.3333 -0.3333
0.3333 -0.3333 -0.3333
0.3333 -0.0000 -0.3333
(:,:,26,16) : 
-0.3333 0.6667 0.3333
0.0000 0.3333 0.3333
0.0000 0.3333 0.3333
(:,:,26,17) : 
0.0000 0.3333 0.0000
-0.0000 0.6667 0.3333
-1.0000 -1.0000 -0.6667
(:,:,26,18) : 
-0.3333 0.0000 -0.3333
-0.3333 -0.3333 -0.3333
0.0000 0.0000 0.3333
(:,:,26,19) : 
-0.3333 0.3333 -0.0000
0.0000 -0.0000 -1.0000
-0.0000 -1.0000 -1.0000
(:,:,26,20) : 
0.3333 -1.0000 0.3333
0.3333 -1.0000 -0.0000
0.3333 -1.0000 -0.3333
(:,:,26,21) : 
-0.0000 -0.3333 -0.3333
-0.3333 -0.3333 -0.6667
-0.0000 -0.3333 -0.6667
(:,:,26,22) : 
-0.6667 -1.0000 -0.3333
-0.3333 0.3333 0.0000
0.3333 0.6667 -0.3333
(:,:,26,23) : 
-0.3333 -0.3333 -0.3333
0.0000 -0.0000 -0.0000
0.3333 -0.3333 0.3333
(:,:,26,24) : 
0.3333 -0.0000 0.3333
0.0000 -0.0000 0.3333
0.3333 0.3333 0.6667
(:,:,26,25) : 
-0.0000 0.6667 0.6667
0.3333 0.6667 0.3333
-0.3333 -0.0000 -0.0000
(:,:,26,26) : 
0.3333 0.3333 -0.6667
0.6667 -0.3333 -0.3333
-0.3333 -1.0000 -0.3333
(:,:,26,27) : 
-0.6667 0.0000 1.0000
0.6667 -0.3333 -0.3333
0.3333 0.3333 -0.0000
(:,:,26,28) : 
-0.3333 -0.0000 -0.6667
-0.3333 -0.0000 -0.6667
0.3333 -0.0000 -0.0000
(:,:,26,29) : 
-0.0000 -0.3333 0.3333
0.0000 0.0000 -0.0000
-0.3333 0.3333 0.0000
(:,:,26,30) : 
0.3333 0.3333 -1.0000
-0.0000 0.6667 -0.6667
0.3333 1.0000 -0.0000
(:,:,26,31) : 
0.0000 0.6667 -0.3333
-0.3333 -0.0000 0.3333
-0.3333 -0.6667 -0.3333
(:,:,26,32) : 
0.0000 0.3333 -0.6667
-0.0000 0.3333 -0.0000
0.0000 0.6667 -0.0000
(:,:,27,1) : 
1.0000 1.0000 -0.0000
0.3333 -0.3333 -1.0000
-0.3333 -0.3333 -0.6667
(:,:,27,2) : 
-0.3333 0.3333 0.3333
-0.0000 -0.3333 0.3333
0.3333 -0.0000 0.6667
(:,:,27,3) : 
-0.0000 0.0000 -0.3333
-0.0000 0.3333 -0.6667
-0.3333 -0.3333 0.0000
(:,:,27,4) : 
-0.3333 -0.3333 -0.6667
0.3333 0.0000 -0.0000
0.3333 0.3333 0.3333
(:,:,27,5) : 
0.3333 0.0000 -0.0000
-0.3333 -0.3333 0.0000
-0.3333 -0.0000 0.3333
(:,:,27,6) : 
-0.3333 -0.0000 0.3333
0.3333 0.3333 0.3333
-0.0000 -0.3333 0.6667
(:,:,27,7) : 
-0.3333 0.3333 -0.0000
0.3333 0.3333 -0.0000
-0.0000 1.0000 0.6667
(:,:,27,8) : 
0.0000 0.6667 0.3333
0.0000 0.0000 0.0000
-0.3333 0.3333 -0.3333
(:,:,27,9) : 
-0.3333 0.3333 0.3333
-0.3333 1.0000 0.3333
-0.3333 0.3333 -0.0000
(:,:,27,10) : 
0.3333 0.3333 0.3333
0.3333 0.6667 0.3333
0.0000 0.6667 1.0000
(:,:,27,11) : 
-0.3333 -0.3333 -0.3333
-0.0000 -0.6667 -0.3333
1.0000 -0.0000 0.0000
(:,:,27,12) : 
0.3333 0.0000 0.3333
-0.3333 -0.0000 -0.3333
-0.0000 -0.3333 -0.3333
(:,:,27,13) : 
0.0000 -0.0000 0.3333
0.6667 -0.3333 -0.0000
1.0000 0.3333 -0.3333
(:,:,27,14) : 
-0.3333 -0.3333 -0.3333
-0.3333 -0.0000 -0.3333
-0.3333 -0.3333 -0.3333
(:,:,27,15) : 
-0.3333 -0.3333 -0.3333
-0.3333 -0.3333 -0.3333
-0.3333 -0.6667 -0.3333
(:,:,27,16) : 
-0.3333 0.0000 1.0000
-0.3333 -0.3333 0.3333
0.0000 0.3333 -0.3333
(:,:,27,17) : 
-0.6667 0.6667 0.6667
-1.0000 -0.6667 -0.0000
0.0000 0.0000 0.3333
(:,:,27,18) : 
-0.6667 -0.3333 -0.3333
0.3333 0.3333 0.0000
-0.3333 -0.3333 -0.3333
(:,:,27,19) : 
-0.6667 -0.3333 -0.3333
0.3333 0.3333 -0.3333
-0.3333 0.3333 -0.0000
(:,:,27,20) : 
0.3333 -0.0000 0.3333
0.6667 -0.3333 -0.6667
0.3333 0.0000 -0.3333
(:,:,27,21) : 
-0.6667 -0.6667 -0.0000
0.3333 0.3333 0.0000
0.3333 0.0000 -0.3333
(:,:,27,22) : 
0.3333 -0.3333 -0.3333
0.3333 0.3333 0.0000
-0.3333 -0.3333 0.3333
(:,:,27,23) : 
0.0000 0.0000 -0.0000
0.0000 -0.3333 -0.3333
0.0000 0.3333 0.3333
(:,:,27,24) : 
0.6667 0.3333 -0.6667
0.3333 0.3333 -0.3333
0.0000 0.0000 0.3333
(:,:,27,25) : 
0.0000 0.0000 0.6667
-0.3333 -0.3333 -0.0000
-0.3333 -0.3333 0.3333
(:,:,27,26) : 
-0.3333 0.3333 -0.0000
-0.6667 0.0000 0.3333
-1.0000 0.0000 0.0000
(:,:,27,27) : 
0.6667 0.3333 -0.0000
0.3333 0.6667 0.3333
-0.6667 0.0000 1.0000
(:,:,27,28) : 
-0.6667 0.3333 -0.0000
0.3333 0.0000 -0.3333
0.6667 0.3333 0.3333
(:,:,27,29) : 
-0.3333 -1.0000 -0.3333
-0.0000 -0.3333 0.0000
-0.3333 0.0000 0.3333
(:,:,27,30) : 
-0.6667 0.3333 -1.0000
0.3333 1.0000 -0.3333
-0.0000 0.3333 -0.0000
(:,:,27,31) : 
-0.3333 -0.3333 0.6667
-0.3333 -0.6667 -0.6667
0.0000 -0.6667 -0.3333
(:,:,27,32) : 
0.3333 1.0000 0.0000
0.3333 0.3333 -0.6667
-0.3333 -0.6667 -0.3333
(:,:,28,1) : 
0.3333 0.3333 0.6667
0.3333 -0.0000 -0.3333
0.3333 0.3333 -0.3333
(:,:,28,2) : 
0.3333 -0.0000 -0.3333
-0.0000 -0.3333 -0.6667
-0.3333 -0.3333 -0.0000
(:,:,28,3) : 
0.3333 0.0000 0.6667
0.3333 0.3333 0.3333
-0.6667 -0.0000 0.3333
(:,:,28,4) : 
-0.6667 -1.0000 -0.6667
0.0000 0.3333 0.6667
0.3333 0.3333 0.6667
(:,:,28,5) : 
-0.3333 -0.3333 -0.0000
-0.6667 -0.0000 0.6667
-0.3333 0.3333 1.0000
(:,:,28,6) : 
0.0000 -0.3333 -0.3333
0.6667 0.6667 0.3333
0.6667 0.3333 0.0000
(:,:,28,7) : 
-0.0000 -0.6667 -0.3333
-0.3333 -0.3333 -0.0000
-1.0000 -0.3333 -0.3333
(:,:,28,8) : 
0.3333 0.0000 -0.0000
0.0000 -0.3333 -0.3333
0.0000 -0.0000 0.3333
(:,:,28,9) : 
-0.0000 -0.0000 -0.0000
0.6667 0.3333 -0.3333
-0.0000 0.3333 -0.0000
(:,:,28,10) : 
-0.3333 -0.3333 -0.3333
-0.6667 -0.0000 0.3333
-0.3333 -0.3333 0.3333
(:,:,28,11) : 
-0.3333 -0.0000 -0.3333
-0.6667 -0.6667 -0.3333
-0.0000 0.3333 0.6667
(:,:,28,12) : 
0.6667 0.3333 0.3333
-0.0000 -0.3333 -0.3333
0.3333 -0.0000 -0.3333
(:,:,28,13) : 
-0.3333 0.3333 0.0000
-0.6667 -0.6667 -0.0000
-0.3333 -0.3333 -0.3333
(:,:,28,14) : 
-0.6667 -0.6667 -0.3333
-0.3333 -0.3333 -0.0000
-0.0000 -0.3333 0.3333
(:,:,28,15) : 
0.0000 0.0000 -0.3333
-0.0000 -0.0000 -0.3333
-0.3333 -0.6667 -0.6667
(:,:,28,16) : 
0.3333 0.0000 -0.6667
-0.0000 -0.3333 -0.6667
-0.3333 -0.3333 -0.3333
(:,:,28,17) : 
0.6667 0.3333 -0.3333
-0.0000 -0.3333 -0.6667
0.0000 0.3333 -0.0000
(:,:,28,18) : 
0.0000 -0.0000 -0.3333
-0.0000 0.3333 0.0000
-0.3333 -0.3333 -0.6667
(:,:,28,19) : 
-0.0000 0.3333 -0.6667
1.0000 -0.3333 -1.0000
0.6667 -0.6667 -0.6667
(:,:,28,20) : 
0.6667 0.3333 0.6667
-0.3333 -0.3333 0.0000
-0.0000 0.0000 0.6667
(:,:,28,21) : 
-0.6667 0.3333 0.3333
0.6667 1.0000 -0.0000
-0.0000 -0.0000 -0.6667
(:,:,28,22) : 
-0.0000 0.0000 0.3333
0.6667 0.3333 0.3333
0.3333 0.0000 0.3333
(:,:,28,23) : 
-0.3333 -0.3333 -1.0000
0.0000 -0.0000 -0.3333
0.6667 0.6667 0.6667
(:,:,28,24) : 
-0.6667 0.3333 0.3333
-0.3333 0.3333 -0.3333
0.6667 0.3333 0.3333
(:,:,28,25) : 
0.6667 0.6667 -0.0000
0.0000 -0.0000 -0.6667
0.0000 -0.0000 -0.3333
(:,:,28,26) : 
0.3333 -0.0000 -0.6667
0.6667 -0.6667 -0.6667
-0.3333 -1.0000 -0.6667
(:,:,28,27) : 
-0.0000 0.3333 0.0000
0.0000 0.6667 0.3333
-0.3333 0.0000 0.0000
(:,:,28,28) : 
-0.0000 -0.0000 0.3333
-0.0000 -0.3333 -0.3333
0.3333 -0.0000 -0.0000
(:,:,28,29) : 
-0.3333 0.0000 0.6667
-0.3333 0.0000 0.6667
-0.3333 -0.3333 -0.3333
(:,:,28,30) : 
1.0000 0.3333 -0.6667
0.6667 0.6667 -0.0000
-0.6667 -0.0000 0.0000
(:,:,28,31) : 
0.6667 0.3333 -0.6667
0.3333 1.0000 -0.3333
-0.3333 0.6667 -0.0000
(:,:,28,32) : 
0.6667 -0.3333 -0.3333
0.3333 -0.0000 0.3333
-0.0000 0.3333 0.6667
(:,:,29,1) : 
-0.3333 -1.0000 -0.6667
0.0000 -0.6667 -0.6667
0.6667 -0.3333 -0.3333
(:,:,29,2) : 
0.6667 0.6667 0.3333
0.3333 0.3333 -0.3333
0.3333 0.3333 -0.3333
(:,:,29,3) : 
0.6667 1.0000 1.0000
-0.3333 0.6667 0.6667
-1.0000 0.6667 1.0000
(:,:,29,4) : 
0.0000 -0.0000 -0.0000
-0.3333 -0.3333 -0.3333
-0.3333 -0.3333 -0.3333
(:,:,29,5) : 
0.3333 0.0000 0.0000
1.0000 0.3333 -0.0000
1.0000 0.3333 -0.3333
(:,:,29,6) : 
0.3333 0.6667 0.3333
-0.0000 -0.0000 -0.3333
-0.0000 0.3333 0.3333
(:,:,29,7) : 
-0.6667 0.3333 0.3333
-0.3333 -0.0000 -0.0000
0.0000 -0.3333 -0.6667
(:,:,29,8) : 
-0.6667 -1.0000 -0.6667
-0.3333 -0.3333 -0.6667
-1.0000 -0.6667 -0.6667
(:,:,29,9) : 
-1.0000 -0.6667 -1.0000
-0.0000 1.0000 1.0000
0.6667 1.0000 0.6667
(:,:,29,10) : 
0.3333 -0.3333 -0.3333
-0.0000 -0.0000 -0.3333
-0.3333 0.0000 -0.0000
(:,:,29,11) : 
-0.0000 -0.3333 -0.6667
-0.0000 -0.0000 -0.6667
0.3333 -0.0000 -0.3333
(:,:,29,12) : 
0.3333 -0.0000 -0.6667
-0.6667 -1.0000 -0.6667
-0.6667 -0.6667 0.0000
(:,:,29,13) : 
0.0000 0.0000 -0.3333
0.3333 0.0000 -0.0000
0.3333 0.0000 0.0000
(:,:,29,14) : 
0.0000 -0.0000 0.3333
-0.0000 -0.3333 -0.3333
-0.3333 -0.6667 -0.6667
(:,:,29,15) : 
-0.0000 0.3333 0.3333
0.0000 0.3333 0.3333
0.3333 0.3333 0.3333
(:,:,29,16) : 
-0.6667 -0.0000 0.6667
-0.3333 -0.3333 0.6667
-0.0000 0.0000 0.6667
(:,:,29,17) : 
-0.3333 0.3333 0.3333
-0.6667 -0.0000 0.3333
-0.3333 -0.3333 -0.3333
(:,:,29,18) : 
-0.3333 0.3333 0.3333
-0.6667 -0.0000 0.6667
-0.3333 -0.3333 0.3333
(:,:,29,19) : 
0.3333 0.0000 0.0000
0.3333 -0.3333 -0.3333
-0.3333 -0.0000 0.3333
(:,:,29,20) : 
0.6667 0.0000 -0.3333
0.6667 0.3333 -0.6667
-0.0000 0.3333 -0.3333
(:,:,29,21) : 
0.3333 0.3333 0.3333
0.0000 -0.0000 0.3333
-1.0000 -0.6667 0.3333
(:,:,29,22) : 
0.3333 0.3333 -0.3333
0.3333 1.0000 0.3333
-0.3333 0.3333 1.0000
(:,:,29,23) : 
0.0000 -0.0000 0.3333
-0.3333 -0.3333 -0.0000
-0.3333 0.3333 1.0000
(:,:,29,24) : 
1.0000 1.0000 0.3333
1.0000 1.0000 -0.0000
0.6667 1.0000 0.6667
(:,:,29,25) : 
-0.6667 -0.0000 0.3333
-0.3333 -0.3333 -0.0000
-0.0000 -0.3333 -0.3333
(:,:,29,26) : 
-0.6667 -0.0000 0.6667
-0.0000 0.6667 0.3333
-0.0000 0.3333 -0.0000
(:,:,29,27) : 
-0.3333 -0.6667 -0.6667
0.3333 0.3333 -0.3333
-1.0000 0.3333 -0.0000
(:,:,29,28) : 
-0.0000 -0.6667 -0.3333
1.0000 -0.3333 -0.6667
1.0000 0.6667 0.0000
(:,:,29,29) : 
-0.3333 -0.3333 -0.6667
-1.0000 -0.0000 0.0000
-1.0000 -0.3333 0.3333
(:,:,29,30) : 
-0.6667 -0.3333 0.3333
-1.0000 -0.3333 0.3333
-0.3333 0.3333 0.6667
(:,:,29,31) : 
0.0000 -0.0000 0.3333
-0.3333 -0.6667 -0.0000
0.0000 -0.3333 -0.6667
(:,:,29,32) : 
0.0000 0.0000 -0.3333
-0.3333 -0.0000 -0.3333
-0.3333 -0.0000 -0.0000
(:,:,30,1) : 
-0.0000 0.0000 -0.3333
0.3333 0.0000 0.3333
-0.3333 -0.3333 0.0000
(:,:,30,2) : 
0.6667 0.6667 0.3333
-0.3333 -0.3333 -0.3333
0.0000 -0.3333 0.0000
(:,:,30,3) : 
-0.0000 0.0000 -0.3333
-0.3333 -0.0000 -0.3333
-0.3333 -0.3333 -0.3333
(:,:,30,4) : 
0.0000 0.0000 0.0000
0.0000 0.3333 0.3333
0.0000 0.0000 0.3333
(:,:,30,5) : 
0.0000 -0.3333 -0.0000
0.3333 0.0000 -0.0000
0.0000 -0.0000 -0.0000
(:,:,30,6) : 
0.3333 0.0000 0.3333
0.0000 -0.0000 -0.3333
-0.3333 -0.6667 -0.6667
(:,:,30,7) : 
-1.0000 -0.3333 0.0000
0.0000 -0.3333 -0.3333
0.6667 -0.3333 -0.3333
(:,:,30,8) : 
0.3333 -0.0000 0.3333
0.6667 0.3333 0.6667
0.6667 0.3333 0.3333
(:,:,30,9) : 
-0.3333 -0.0000 -0.0000
-0.0000 0.0000 -0.3333
0.3333 0.3333 -0.6667
(:,:,30,10) : 
0.3333 -0.3333 -0.6667
0.0000 -0.6667 -0.3333
-0.0000 -1.0000 -0.3333
(:,:,30,11) : 
-0.0000 -0.0000 -0.0000
-0.3333 -0.3333 -0.0000
-0.0000 -0.0000 -0.3333
(:,:,30,12) : 
-0.3333 -0.3333 -0.0000
0.0000 -0.3333 -0.3333
0.3333 0.0000 -0.3333
(:,:,30,13) : 
0.3333 -0.0000 -0.0000
0.3333 0.0000 0.3333
0.0000 0.0000 0.0000
(:,:,30,14) : 
-0.3333 -0.3333 -0.3333
-0.3333 -0.3333 -0.3333
-0.3333 -0.6667 -0.6667
(:,:,30,15) : 
-0.6667 -0.3333 -0.6667
-0.6667 -0.6667 -0.6667
-0.3333 -0.3333 -0.6667
(:,:,30,16) : 
-0.6667 -0.6667 -0.3333
-0.6667 -0.3333 -0.3333
-0.3333 0.0000 -0.3333
(:,:,30,17) : 
-0.0000 -0.0000 0.0000
0.0000 -0.0000 -0.3333
-0.0000 -0.0000 -0.3333
(:,:,30,18) : 
-0.3333 -0.6667 -0.6667
-0.0000 -0.0000 -0.3333
0.3333 0.0000 -0.0000
(:,:,30,19) : 
0.3333 -0.3333 -0.0000
-0.0000 -0.3333 -0.0000
-0.3333 -0.3333 0.3333
(:,:,30,20) : 
-0.6667 0.0000 -0.0000
-0.3333 0.3333 -0.0000
-0.6667 0.0000 -0.3333
(:,:,30,21) : 
-0.0000 -0.3333 -0.0000
0.0000 -0.0000 -0.0000
0.0000 0.3333 0.6667
(:,:,30,22) : 
0.0000 0.0000 0.0000
-0.0000 -0.3333 -0.3333
0.0000 -0.3333 -0.6667
(:,:,30,23) : 
0.0000 0.3333 -0.0000
0.0000 0.0000 -0.3333
-0.0000 0.0000 0.0000
(:,:,30,24) : 
0.3333 0.3333 0.3333
0.3333 -0.0000 -0.3333
0.0000 0.0000 -0.3333
(:,:,30,25) : 
0.3333 0.3333 -0.0000
0.3333 0.3333 -0.0000
0.0000 -0.0000 0.0000
(:,:,30,26) : 
0.0000 -0.3333 -0.0000
-0.3333 -0.6667 0.0000
0.0000 0.0000 -0.3333
(:,:,30,27) : 
-0.3333 -0.3333 -1.0000
-0.3333 -0.3333 -0.3333
0.3333 -0.3333 -0.3333
(:,:,30,28) : 
-0.0000 0.0000 0.3333
-0.3333 -0.3333 -0.0000
0.0000 -0.0000 -0.0000
(:,:,30,29) : 
0.0000 0.3333 0.6667
-0.3333 -0.3333 0.0000
-0.3333 -0.3333 0.0000
(:,:,30,30) : 
-0.6667 -0.6667 -0.3333
-0.3333 -0.0000 -0.6667
0.3333 0.3333 -0.6667
(:,:,30,31) : 
0.3333 -0.0000 -0.3333
0.3333 -0.6667 -0.3333
0.0000 -0.3333 -0.3333
(:,:,30,32) : 
-0.0000 -0.3333 -0.6667
0.3333 0.0000 -0.6667
0.3333 -0.3333 -0.6667
(:,:,31,1) : 
0.3333 0.6667 -0.3333
-0.0000 0.3333 -0.3333
0.0000 -0.0000 -0.0000
(:,:,31,2) : 
0.3333 0.6667 0.0000
-0.3333 0.0000 -0.6667
0.3333 -0.3333 -0.6667
(:,:,31,3) : 
-0.0000 0.3333 0.3333
-0.3333 0.3333 0.3333
-0.3333 0.3333 0.0000
(:,:,31,4) : 
-0.6667 -0.6667 0.3333
-0.6667 -0.6667 -0.3333
-0.6667 -0.3333 0.0000
(:,:,31,5) : 
0.3333 -0.3333 -1.0000
-0.3333 -0.6667 0.0000
0.0000 0.0000 1.0000
(:,:,31,6) : 
-0.6667 -0.3333 -1.0000
0.3333 -0.3333 0.0000
0.6667 0.3333 0.6667
(:,:,31,7) : 
-0.3333 -0.6667 -0.6667
-0.0000 -0.3333 0.0000
0.3333 0.6667 0.0000
(:,:,31,8) : 
-1.0000 -0.3333 -1.0000
-0.3333 -0.0000 -0.6667
1.0000 0.6667 0.3333
(:,:,31,9) : 
0.0000 0.3333 -0.6667
-0.6667 -0.3333 -1.0000
0.3333 -0.3333 -0.3333
(:,:,31,10) : 
0.0000 -1.0000 -0.3333
-0.0000 -0.3333 -0.0000
0.0000 -0.6667 -0.6667
(:,:,31,11) : 
-0.0000 0.3333 0.0000
0.0000 -0.3333 -0.0000
0.3333 -0.0000 0.0000
(:,:,31,12) : 
1.0000 0.6667 -0.6667
1.0000 0.3333 0.0000
-0.6667 -0.3333 -0.6667
(:,:,31,13) : 
0.3333 0.3333 0.3333
-0.6667 -0.3333 0.3333
0.6667 -0.3333 -0.6667
(:,:,31,14) : 
-0.0000 0.3333 0.0000
-0.0000 -0.3333 -0.3333
-0.3333 -0.0000 0.0000
(:,:,31,15) : 
0.3333 0.3333 0.3333
-0.3333 -0.3333 -0.3333
-0.0000 -0.0000 -0.3333
(:,:,31,16) : 
-0.0000 0.3333 -0.3333
0.6667 0.6667 -0.3333
0.3333 0.3333 0.0000
(:,:,31,17) : 
1.0000 1.0000 0.6667
-1.0000 -0.3333 -0.3333
-0.6667 -0.3333 -0.6667
(:,:,31,18) : 
0.3333 -0.3333 -0.6667
0.3333 -0.0000 0.6667
-0.6667 -0.6667 -0.3333
(:,:,31,19) : 
0.3333 -0.3333 0.0000
-0.0000 0.3333 0.6667
0.3333 0.3333 -0.0000
(:,:,31,20) : 
-0.6667 -1.0000 0.3333
-0.3333 -0.3333 0.6667
0.3333 0.6667 0.6667
(:,:,31,21) : 
0.3333 0.0000 -0.0000
-1.0000 -0.3333 -0.3333
-0.3333 -0.3333 -0.6667
(:,:,31,22) : 
-0.3333 -0.6667 -0.6667
-0.3333 0.3333 -0.0000
0.0000 0.0000 -0.3333
(:,:,31,23) : 
-0.0000 0.0000 0.6667
0.3333 1.0000 1.0000
-1.0000 -0.6667 -1.0000
(:,:,31,24) : 
-0.6667 -0.3333 0.0000
0.0000 0.6667 0.3333
-0.3333 -0.0000 -0.3333
(:,:,31,25) : 
0.0000 0.3333 0.3333
-0.0000 -0.0000 -0.3333
-0.0000 -0.3333 -0.3333
(:,:,31,26) : 
1.0000 0.0000 -0.6667
-0.3333 -0.3333 -0.0000
-0.6667 -0.6667 0.3333
(:,:,31,27) : 
0.3333 -0.6667 -1.0000
0.0000 0.6667 -0.3333
-0.3333 0.3333 0.3333
(:,:,31,28) : 
-0.3333 -0.6667 -0.6667
0.3333 -0.3333 -0.3333
-0.0000 -0.3333 -0.3333
(:,:,31,29) : 
0.3333 0.3333 0.0000
-0.6667 0.3333 -0.0000
-0.0000 0.3333 0.3333
(:,:,31,30) : 
0.3333 0.0000 -0.0000
-0.0000 -0.3333 0.6667
-0.6667 -0.0000 0.6667
(:,:,31,31) : 
-0.0000 0.0000 1.0000
-0.0000 -0.0000 0.3333
-0.3333 -0.0000 0.0000
(:,:,31,32) : 
-0.6667 -0.3333 -0.3333
-0.6667 0.3333 -0.0000
-0.6667 0.6667 0.3333
(:,:,32,1) : 
-0.3333 0.3333 0.0000
-0.3333 0.3333 -0.3333
-0.3333 0.0000 0.0000
(:,:,32,2) : 
-0.6667 -0.3333 -0.6667
1.0000 1.0000 0.3333
-0.3333 -0.3333 -0.3333
(:,:,32,3) : 
-0.6667 -0.6667 -0.3333
-1.0000 -0.0000 0.6667
-0.6667 0.0000 0.3333
(:,:,32,4) : 
-0.0000 -0.0000 0.3333
-0.0000 -0.0000 0.0000
-0.3333 -0.0000 -0.0000
(:,:,32,5) : 
-0.0000 0.0000 -0.0000
-0.3333 -0.6667 -0.3333
-0.3333 -0.3333 0.3333
(:,:,32,6) : 
-0.0000 -0.0000 -0.0000
0.3333 -0.3333 -0.6667
0.6667 0.3333 0.6667
(:,:,32,7) : 
-0.6667 -0.0000 -0.3333
-1.0000 0.6667 0.3333
-0.3333 -0.0000 -0.0000
(:,:,32,8) : 
-0.0000 0.3333 -0.0000
-0.6667 -0.3333 -0.6667
-0.3333 1.0000 0.0000
(:,:,32,9) : 
0.6667 0.6667 0.3333
0.3333 0.6667 -0.0000
-0.3333 -0.3333 -0.3333
(:,:,32,10) : 
1.0000 0.3333 -0.3333
1.0000 0.3333 -0.3333
-0.0000 0.3333 -0.0000
(:,:,32,11) : 
-0.3333 -0.3333 -0.3333
-0.3333 -0.6667 0.0000
1.0000 0.3333 0.6667
(:,:,32,12) : 
0.3333 0.3333 0.6667
-0.3333 -0.3333 -0.3333
0.0000 0.3333 -0.0000
(:,:,32,13) : 
0.0000 -0.6667 -0.3333
0.3333 -0.3333 -0.6667
0.3333 0.0000 -0.6667
(:,:,32,14) : 
0.3333 -0.3333 -0.6667
0.3333 -0.3333 -0.3333
0.0000 -0.3333 -0.3333
(:,:,32,15) : 
0.3333 0.0000 0.0000
0.0000 -0.0000 -0.0000
-0.3333 -0.3333 -0.0000
(:,:,32,16) : 
0.6667 -0.6667 -0.6667
0.3333 -1.0000 -0.6667
-0.3333 -0.6667 -0.6667
(:,:,32,17) : 
1.0000 1.0000 1.0000
-0.3333 0.0000 0.3333
-0.6667 -0.6667 -0.6667
(:,:,32,18) : 
-0.6667 -0.3333 -0.6667
0.0000 -0.3333 -0.0000
-0.3333 -0.0000 0.3333
(:,:,32,19) : 
0.0000 -0.0000 -0.3333
-0.0000 -0.3333 -0.0000
-0.6667 0.0000 0.6667
(:,:,32,20) : 
0.6667 -0.6667 -0.0000
0.3333 -0.3333 0.3333
1.0000 0.3333 0.3333
(:,:,32,21) : 
0.3333 0.3333 -0.6667
0.3333 0.0000 -0.6667
1.0000 0.3333 0.3333
(:,:,32,22) : 
0.3333 0.6667 0.3333
0.3333 0.3333 0.6667
-0.3333 -0.3333 -0.3333
(:,:,32,23) : 
-0.0000 -0.3333 -0.6667
1.0000 0.6667 0.3333
0.3333 -0.0000 -0.3333
(:,:,32,24) : 
-1.0000 0.0000 0.0000
-0.3333 0.3333 -0.3333
0.0000 0.3333 -0.0000
(:,:,32,25) : 
0.0000 0.3333 0.0000
-0.3333 -0.3333 -0.3333
-0.6667 -0.3333 -0.6667
(:,:,32,26) : 
1.0000 0.6667 -0.6667
0.6667 0.0000 -0.3333
-0.3333 -0.0000 0.3333
(:,:,32,27) : 
0.3333 -0.3333 -0.6667
-0.0000 0.3333 0.0000
-1.0000 -0.0000 0.3333
(:,:,32,28) : 
-0.3333 -0.3333 -0.3333
0.3333 0.3333 0.3333
-0.3333 0.3333 0.6667
(:,:,32,29) : 
-0.6667 -0.3333 0.3333
-0.0000 -0.3333 -0.0000
0.0000 0.0000 -0.6667
(:,:,32,30) : 
-1.0000 -0.0000 0.3333
-0.3333 -0.6667 0.6667
0.3333 -0.3333 0.3333
(:,:,32,31) : 
-0.3333 0.3333 0.3333
-0.6667 -0.0000 0.3333
-0.3333 0.3333 0.3333
(:,:,32,32) : 
0.0000 -0.0000 0.6667
0.6667 0.6667 0.6667
-0.3333 0.3333 0.6667
