0.378457
0.310988
0.372002
0.341233
0.379945
0.360573
0.009980
0.291627
0.391203
0.367326
0.415042
0.326670
0.418453
0.392598
0.392673
0.284431
0.358623
0.367084
0.370940
0.299033
0.366375
0.396482
0.383618
0.329650
0.415444
0.404217
0.386032
0.374420
0.430896
0.344039
0.354221
0.322806
0.362102
0.393177
0.299710
0.397968
0.357805
0.336835
0.329030
0.306526
0.353761
0.350869
0.379608
0.379866
0.411300
0.319650
0.391829
0.402647
0.329742
0.378862
0.349003
0.360199
0.307163
0.426470
0.405069
0.398685
0.338595
0.404641
0.295103
0.304140
0.368797
0.359120
0.397207
0.413451
