4.073282
3.129127
2.897374
2.896541
3.005897
2.865632
2.742514
2.512344
2.788524
3.221695
3.050857
3.316115
3.065348
3.400974
2.955279
2.858834
8.975272
9.200418
14.262963
7.996155
8.905043
10.865628
7.767179
8.156290
9.922256
8.651129
17.298189
11.926822
11.979458
10.376852
14.775801
11.499347
12.625207
10.007035
10.816468
10.141433
12.625263
9.074714
12.351735
15.006464
11.485484
12.748240
6.384969
9.987809
10.013956
9.257030
6.106487
9.134543
2.380999
2.645565
2.497748
2.221779
2.894596
2.638945
4.371142
2.718102
2.941663
2.871213
2.514470
2.641638
2.529175
2.766477
2.491946
2.825843
