9.310566
11.666799
10.326134
7.257035
11.168644
9.998373
8.131630
6.981070
7.773159
8.872496
8.337377
9.465806
7.093465
6.686883
8.881341
7.529015
11.894687
13.047111
24.585194
9.953319
14.051791
11.510076
11.412019
9.772640
18.761896
9.995229
18.488729
15.754600
13.773969
12.263664
15.154309
13.268978
15.610533
15.060174
12.312721
12.158859
15.588521
14.565863
21.832941
18.291660
13.167897
17.546631
9.522280
13.246066
12.051364
11.401994
11.029701
14.388555
6.971055
6.877989
7.994916
9.839789
8.994055
9.612922
14.634650
7.612988
8.572066
8.345303
8.395272
7.335904
10.092587
7.073318
9.295419
7.236984
