-0.669247
0.454399
-0.030994
-0.512461
-2.023931
-0.022401
-0.064570
0.322252
0.136654
-0.351910
-0.590100
-1.336481
-1.140669
0.491409
-0.563083
-0.574496
-2.853396
-2.116122
-7.434922
-3.229511
-0.033849
-2.647846
-0.569243
-1.226727
-0.648675
-7.809732
0.226325
2.578187
1.614127
0.481471
-0.504529
3.720722
-6.236482
-4.376740
-6.596454
-4.787933
-6.852294
3.868806
-3.734804
-8.546514
-2.755841
-0.130860
-0.978130
-0.418905
-2.946860
-1.623066
-1.695744
-1.442943
-0.217503
-0.099622
-0.145917
-0.831172
0.417370
0.096548
-1.107395
-0.533616
0.208579
0.231904
0.374000
-0.193912
0.159945
-0.788310
-0.459213
-0.370838
