-0.089879
-0.051256
-0.158741
-0.043985
-0.265331
-0.223279
-0.056183
-0.055912
-0.260475
-0.182401
-0.253741
-0.001486
-0.191528
-0.279073
-0.247199
-0.064877
-0.230336
-0.066581
-0.180855
-0.124414
-0.314875
-0.273931
-0.306366
-0.202438
-0.318620
-0.121094
-0.011916
-0.262723
-0.200737
-0.147086
-0.154975
-0.001562
-0.115120
-0.248500
-0.069714
-0.222807
-0.047304
-0.331532
-0.133228
-0.079132
-0.130491
-0.174861
-0.219949
-0.216407
-0.224899
-0.173304
-0.148091
-0.190549
-0.280951
-0.109653
-0.080351
-0.363182
-0.239227
-0.291016
-0.372141
-0.174304
-0.152706
-0.145618
-0.133190
-0.138734
-0.234515
-0.222972
-0.122580
-0.285003
