0.009235
-0.175413
-0.061125
0.119516
0.036141
-0.362389
-0.246939
-0.199669
-0.260146
0.038202
0.043618
0.037961
0.069344
-0.353025
-0.047784
0.020939
0.052703
0.122293
0.202822
0.261785
-0.219727
0.097780
-0.069817
-0.089501
-0.096964
0.189937
0.331472
0.275311
0.337986
0.430037
-0.043799
0.253659
0.267030
0.253822
0.298722
0.001283
0.053964
0.121788
0.331027
0.315708
0.127708
0.036834
-0.030782
-0.043870
0.135157
0.010523
0.044046
-0.106834
-0.213550
0.030833
-0.187341
-0.002931
-0.041905
-0.140345
-0.130667
-0.190068
-0.240694
-0.134929
-0.410215
-0.170240
-0.163362
-0.275263
-0.097599
-0.115210
