-0.755286
-1.283458
-2.087614
-2.043931
-3.772153
-0.905716
-3.302839
-2.976673
-0.700686
-0.962066
-1.149427
-2.219863
0.244757
-1.300292
-2.561309
-1.720616
-4.606488
-4.049266
-6.963606
-3.184660
-0.482628
-4.125196
-2.134687
-1.758995
-3.230060
-8.409708
-0.924843
1.163798
0.785510
1.224650
-1.061451
3.172405
-7.060678
-5.625943
-5.704898
-5.352608
-9.442666
3.182713
-5.275153
-7.825233
-2.845977
-1.253739
-2.113045
-1.105965
-4.236080
-1.438084
-3.115988
-3.895259
-1.765055
-1.476151
-1.903735
-2.495435
0.453932
-0.848586
-2.703828
-1.156215
-1.511334
0.502510
-0.140240
-1.610937
-2.698245
-0.758160
-2.465253
-0.773391
