-1.138164
0.601655
-1.348659
-7.004890
2.809829
-0.695060
2.262454
-2.987356
0.081228
-1.220670
-1.707206
-4.466878
-1.275375
3.225283
-0.281599
0.234804
-0.373863
-3.542343
-2.142504
-2.175939
4.360879
-2.530192
0.127306
-0.737416
-4.102631
0.662720
0.371126
-1.694463
-2.114894
2.910012
-1.127975
-2.385988
-1.631094
-4.034965
-5.879149
-2.658605
-5.844495
-3.529723
-0.940158
-2.458129
0.440209
-4.874581
-0.826350
0.422804
-2.287853
0.220122
-1.634655
1.750205
-1.910699
-5.036176
-0.330832
0.274686
-0.096964
-0.388735
-10.191227
-1.883443
3.741511
3.418022
-3.201046
1.639430
2.523498
-2.388822
-4.881184
-2.313071
