0.517064
0.388304
0.454441
0.437566
0.479207
0.412603
0.429605
0.407213
0.403394
0.368668
0.437912
0.445107
0.450482
0.473396
0.450188
0.437227
0.420563
0.458528
0.456255
0.438816
0.419541
0.453912
0.424580
0.443032
0.466004
0.356166
0.504859
0.486166
0.401275
0.383884
0.411773
0.478480
0.505423
0.425037
0.537595
0.359392
0.394254
0.501802
0.552801
0.489129
0.418006
0.456096
0.433881
0.388583
0.428996
0.404659
0.484602
0.438735
0.406412
0.453172
0.443041
0.493034
0.451126
0.456544
0.468600
0.429352
0.464095
0.445688
0.467561
0.420670
0.443391
0.444421
0.495489
0.436769
