-0.434091
-0.103032
-0.389782
-0.166223
-0.202852
-0.407699
-0.383171
-0.326995
-0.303966
-0.182845
-0.611301
-0.367171
-0.492343
-0.539303
-0.479939
-0.533141
-0.248637
-0.273747
0.040795
-0.145713
-0.064108
-0.221453
-0.202054
-0.289819
-0.204657
0.118070
-0.198780
-0.150753
0.036055
0.001155
-0.106422
-0.197919
-0.297719
-0.047338
-0.432989
-0.010086
0.071934
-0.341349
-0.383960
-0.264007
-0.039173
-0.245745
-0.273973
0.026042
-0.233433
-0.087632
-0.304265
-0.293983
-0.514673
-0.446822
-0.261214
-0.620221
-0.269340
-0.465658
0.038343
-0.439359
-0.415242
-0.206766
-0.557531
-0.250966
-0.473469
-0.384321
-0.487867
-0.572661
