(:,:,1,1) : 
0.1152 0.2972 0.1784
-0.1307 -0.4828 0.3968
0.0039 -0.3435 0.3549
(:,:,1,2) : 
0.0778 0.3816 0.5004
-0.5059 0.3765 1.0169
-0.5164 -0.1160 0.5580
(:,:,1,3) : 
-0.0644 0.4199 0.2818
-0.8674 -0.4225 0.3500
-0.0635 -0.0328 0.2430
(:,:,1,4) : 
-0.2082 -0.1124 -0.1244
-0.0715 0.1026 0.1390
-0.0123 0.1721 0.2228
(:,:,1,5) : 
-0.1118 -0.7596 0.2102
-0.0799 0.7251 0.1448
-0.5619 0.3843 0.0066
(:,:,1,6) : 
0.0538 -0.2013 0.2692
-0.2671 -1.3617 -0.2079
-0.0037 -0.8410 -0.0271
(:,:,1,7) : 
0.3715 0.6941 -0.1323
0.4950 -0.2215 0.2117
-0.0044 -0.1372 -0.3232
(:,:,1,8) : 
0.1594 -0.2718 0.1498
-0.3093 -0.8406 -0.2940
0.1306 -0.2064 0.1356
(:,:,1,9) : 
-0.3109 -0.2987 -0.3074
-0.3465 1.0819 -0.6935
0.0697 0.6530 0.1028
(:,:,1,10) : 
1.1669 0.3909 -0.5463
0.0490 1.1328 -0.6272
0.1066 -0.7566 -0.6657
(:,:,1,11) : 
0.2362 0.3266 0.3706
0.6625 0.3389 -0.3589
-0.0078 0.0711 -0.1214
(:,:,1,12) : 
-0.0041 0.2371 -0.0516
0.3653 -1.1261 0.3685
-0.1764 0.4697 0.1270
(:,:,1,13) : 
-0.0416 -0.7536 -0.4195
-0.0694 -0.0011 0.4956
0.4569 1.2190 0.2774
(:,:,1,14) : 
-0.1493 -0.0650 0.6628
-0.9425 0.6154 0.3018
-0.2875 -0.6014 0.4938
(:,:,1,15) : 
0.6802 0.8444 0.2627
0.3102 0.2686 -0.1090
-0.3334 -0.7017 -0.5900
(:,:,1,16) : 
0.1896 0.8295 0.3946
-0.4541 -0.7896 -0.2018
-0.1901 -0.5548 0.0648
(:,:,2,1) : 
-0.0098 -0.1333 -0.1388
-0.2428 -0.8944 -0.0227
-0.0972 -0.6550 0.0433
(:,:,2,2) : 
-0.4887 -0.1776 0.2415
-1.1367 -0.3280 0.5684
-0.8405 -0.5412 0.2348
(:,:,2,3) : 
-0.2258 0.1903 0.0656
-0.6338 -0.3686 0.1417
0.0587 0.3982 0.6657
(:,:,2,4) : 
-0.1397 -0.1038 -0.1651
-0.0567 0.0358 0.0045
-0.0976 -0.0020 -0.0044
(:,:,2,5) : 
-0.2998 -0.9536 -0.2140
0.1105 0.8601 0.0108
-0.2678 0.4964 0.0016
(:,:,2,6) : 
0.1172 0.0372 0.1509
0.1623 -0.6506 0.0040
0.2155 -0.3745 0.0702
(:,:,2,7) : 
-0.0916 -0.1534 -0.1119
-0.1430 -1.2342 0.0436
0.2606 -0.1206 0.0885
(:,:,2,8) : 
0.1804 -0.2953 0.1589
-0.2864 -0.8320 -0.2730
0.1511 -0.1641 0.2117
(:,:,2,9) : 
0.2060 0.4213 0.1798
-0.3079 1.0388 -0.5847
-0.3114 -0.1602 -0.3904
(:,:,2,10) : 
-0.3314 -0.4943 0.1538
-1.2923 0.5469 0.4097
0.2518 -0.1665 0.6228
(:,:,2,11) : 
-0.0775 -0.4528 -0.5220
0.4893 -0.4330 -1.3030
0.0744 -0.3547 -0.6852
(:,:,2,12) : 
0.2175 0.0790 0.0956
0.4782 -1.4519 0.0654
-0.0134 0.3573 -0.0144
(:,:,2,13) : 
0.4956 -0.2193 -0.1088
-0.1943 -0.6080 -0.0495
0.0574 -0.1523 -0.7723
(:,:,2,14) : 
0.5182 -0.3246 -0.6822
0.4231 0.7183 -1.0127
0.8329 -0.2761 -0.3011
(:,:,2,15) : 
0.7328 0.7974 0.2322
0.3314 0.1714 -0.1698
-0.3078 -0.7253 -0.5955
(:,:,2,16) : 
0.2644 0.8698 0.3245
-0.2767 -0.5844 -0.2167
0.0775 -0.1851 0.1982
(:,:,3,1) : 
0.3035 0.2407 -0.1857
0.4063 -0.1082 0.1759
0.3450 -0.0778 0.2096
(:,:,3,2) : 
-0.2052 0.1301 0.3582
-0.5579 0.2514 0.9137
-0.3859 0.0162 0.6167
(:,:,3,3) : 
0.7628 0.3382 -0.4551
0.4850 -0.3002 -0.8767
0.5386 -0.0295 -0.6113
(:,:,3,4) : 
0.2387 0.3642 0.2234
0.4771 0.6327 0.4789
0.3688 0.4845 0.3448
(:,:,3,5) : 
0.2171 -0.4176 0.0023
0.4112 0.8598 -0.1557
-0.1832 0.1798 -0.6347
(:,:,3,6) : 
0.0601 0.4096 0.1078
0.5774 0.3192 0.3909
0.4537 0.2923 0.2919
(:,:,3,7) : 
-0.4114 -0.0950 0.0931
-0.2618 -0.8178 0.5409
0.1144 0.1413 0.5308
(:,:,3,8) : 
0.1134 -0.3290 0.0123
-0.2416 -0.7532 -0.3398
0.1122 -0.2210 0.0550
(:,:,3,9) : 
-0.0910 0.0582 0.0563
-0.5347 0.7215 -0.3682
-0.1752 0.0977 0.0976
(:,:,3,10) : 
0.1527 -0.6378 0.0195
-0.6145 0.4283 0.1243
0.5401 -0.1306 0.1398
(:,:,3,11) : 
0.2562 0.0944 -0.1302
1.1467 0.4516 -0.5771
0.6497 0.3035 -0.2980
(:,:,3,12) : 
-0.0787 0.1635 0.1714
0.4077 -1.1247 0.1529
0.0673 0.2655 0.0245
(:,:,3,13) : 
0.2974 0.5587 0.3847
-0.2749 0.0292 0.6107
-0.4708 -0.2222 -0.3827
(:,:,3,14) : 
-0.0327 -0.3310 0.3281
-0.3114 0.4668 -0.1606
-0.1042 -0.1246 0.3556
(:,:,3,15) : 
0.4250 0.4801 0.0401
0.1793 0.0225 -0.2768
-0.3172 -0.7125 -0.6265
(:,:,3,16) : 
0.2370 0.8584 0.3575
-0.2564 -0.3668 -0.1358
-0.2314 -0.3420 -0.0283
