-3.858674
-1.249680
1.917122
-1.973893
-1.049189
0.843783
-0.111687
-0.988688
0.867753
-7.543663
0.340594
1.337350
0.779743
-3.654294
1.501707
1.658219
-0.138467
2.274576
-4.517113
-0.673432
0.081191
-3.448460
-0.307320
-2.947346
-1.763087
-1.767386
-1.644726
-2.016289
-0.979060
-1.848426
1.221561
6.763841
0.013616
-2.397404
-2.021404
1.522809
-3.714843
2.375676
-4.806193
-2.643711
1.341843
0.689222
-3.552685
-2.478552
-4.941974
-0.110321
-0.674949
-4.646684
1.695283
-1.077097
-6.917011
1.670280
0.081638
0.391948
-1.948631
-5.107441
-3.433918
3.517938
-2.618583
-4.774235
-0.901809
-1.329692
-1.919341
-1.181505
