23.326092
16.288752
18.281570
18.984610
18.826361
15.317874
0.017844
15.179962
16.223572
16.173506
19.993771
23.915653
18.085577
22.069115
16.967451
10.382143
15.183802
28.974903
17.046585
11.851564
13.356193
21.369505
16.778538
13.673867
14.498848
16.803383
22.254107
17.424011
16.695568
14.181417
18.080643
26.222572
18.647709
17.602942
11.057233
16.982651
24.945063
12.431481
18.392975
12.712523
16.461937
15.032138
16.915800
14.284588
18.588600
12.956714
22.216236
18.696310
13.234974
24.492891
17.997200
10.744305
11.031768
23.280523
15.490602
20.554754
14.477495
28.957708
12.521564
17.478317
20.057503
13.736830
23.029644
17.922537
