(:,:,1,1) : 
-0.0000 0.3333 0.3333
0.3333 0.3333 0.0000
0.0000 0.3333 0.3333
(:,:,1,2) : 
-0.3333 -0.3333 0.6667
-0.3333 -0.6667 -0.3333
-0.6667 -0.3333 -0.6667
(:,:,1,3) : 
0.0000 0.3333 -0.3333
0.3333 0.3333 -0.0000
0.0000 -0.0000 -0.3333
(:,:,1,4) : 
0.6667 0.3333 0.0000
0.3333 0.3333 0.3333
0.0000 0.0000 -0.0000
(:,:,1,5) : 
0.0000 0.3333 0.0000
-0.0000 -0.6667 0.0000
-0.0000 -0.3333 -0.0000
(:,:,1,6) : 
0.0000 -0.3333 -0.3333
0.3333 0.3333 0.3333
0.6667 0.3333 0.3333
(:,:,1,7) : 
-0.3333 -0.6667 -0.0000
-0.3333 0.0000 -0.3333
-0.6667 -0.0000 0.3333
(:,:,1,8) : 
-0.3333 -0.3333 -0.3333
0.3333 0.3333 0.0000
0.3333 0.0000 0.0000
(:,:,1,9) : 
0.3333 0.6667 1.0000
0.3333 0.3333 0.6667
0.0000 0.3333 0.3333
(:,:,1,10) : 
0.3333 0.6667 -0.0000
0.3333 0.3333 0.0000
-0.3333 0.3333 0.3333
(:,:,1,11) : 
-0.3333 0.0000 -0.3333
-0.6667 -0.6667 -0.0000
-0.6667 -0.6667 -0.6667
(:,:,1,12) : 
0.3333 0.0000 -0.3333
0.3333 0.6667 0.3333
0.3333 -0.0000 0.3333
(:,:,1,13) : 
-0.3333 -0.3333 0.3333
0.0000 -0.3333 -0.6667
-0.0000 0.3333 -0.3333
(:,:,1,14) : 
0.0000 0.0000 0.0000
0.0000 0.0000 0.3333
-0.0000 -0.0000 -0.0000
(:,:,1,15) : 
0.6667 0.6667 0.6667
0.3333 0.6667 0.3333
1.0000 1.0000 0.3333
(:,:,1,16) : 
-1.0000 -0.6667 -0.0000
-0.6667 -0.6667 -0.6667
-0.6667 -0.6667 0.0000
(:,:,2,1) : 
-0.3333 -0.6667 -0.6667
-0.6667 -0.3333 -0.6667
-0.6667 -0.6667 -0.6667
(:,:,2,2) : 
0.0000 -0.0000 0.0000
0.6667 0.3333 -0.3333
0.0000 0.6667 0.3333
(:,:,2,3) : 
-0.6667 -0.3333 -0.6667
0.3333 0.3333 0.0000
0.3333 0.3333 -0.0000
(:,:,2,4) : 
-0.3333 -0.0000 -0.3333
-0.3333 -0.0000 -0.0000
-0.3333 -0.0000 -0.3333
(:,:,2,5) : 
-0.3333 0.3333 0.3333
-0.0000 -0.0000 0.0000
0.3333 0.6667 0.6667
(:,:,2,6) : 
0.3333 0.0000 -0.3333
0.6667 0.6667 0.3333
0.6667 0.6667 0.3333
(:,:,2,7) : 
-0.0000 0.3333 0.3333
0.0000 0.6667 0.6667
0.0000 0.0000 -0.0000
(:,:,2,8) : 
-0.6667 -0.3333 0.0000
0.0000 0.3333 0.3333
0.3333 0.0000 -0.3333
(:,:,2,9) : 
0.0000 0.3333 0.0000
0.3333 0.3333 0.6667
-0.0000 0.3333 0.3333
(:,:,2,10) : 
0.3333 0.6667 0.6667
0.6667 0.3333 0.3333
0.6667 0.3333 0.3333
(:,:,2,11) : 
-0.3333 -0.0000 0.3333
-0.0000 -0.0000 0.3333
0.3333 0.0000 -0.0000
(:,:,2,12) : 
0.6667 0.0000 -0.6667
0.3333 0.6667 0.0000
0.0000 -0.3333 0.3333
(:,:,2,13) : 
-0.0000 -0.3333 0.0000
-0.3333 -0.6667 -0.3333
-0.3333 -0.3333 -0.0000
(:,:,2,14) : 
-0.0000 0.0000 0.0000
-0.3333 0.0000 0.0000
-0.3333 -0.3333 -0.3333
(:,:,2,15) : 
0.3333 0.0000 -0.3333
0.3333 0.6667 0.3333
0.6667 0.6667 0.3333
(:,:,2,16) : 
0.3333 -0.3333 0.3333
-0.3333 -0.3333 0.0000
-0.6667 -1.0000 -0.3333
(:,:,3,1) : 
0.0000 0.0000 0.0000
-0.0000 0.0000 0.0000
-0.0000 -0.0000 -0.0000
(:,:,3,2) : 
0.3333 0.3333 0.3333
0.6667 -0.3333 -0.0000
0.3333 0.0000 -0.3333
(:,:,3,3) : 
-0.6667 -0.3333 -0.6667
-1.0000 -0.6667 -0.3333
-1.0000 -0.6667 -0.6667
(:,:,3,4) : 
0.0000 0.3333 0.3333
0.3333 0.3333 0.3333
0.0000 0.3333 0.3333
(:,:,3,5) : 
0.3333 0.6667 0.6667
0.3333 0.3333 0.6667
0.6667 0.6667 0.6667
(:,:,3,6) : 
0.3333 0.3333 0.0000
0.6667 0.6667 0.3333
1.0000 0.6667 0.6667
(:,:,3,7) : 
0.3333 0.0000 0.3333
0.3333 0.6667 -0.0000
0.3333 0.3333 0.0000
(:,:,3,8) : 
0.0000 0.3333 0.3333
0.0000 0.6667 0.3333
0.0000 0.3333 0.3333
(:,:,3,9) : 
0.6667 0.6667 0.6667
0.3333 -0.3333 0.3333
0.3333 0.3333 0.0000
(:,:,3,10) : 
-0.6667 -0.0000 -0.6667
-0.3333 -0.6667 -0.3333
-0.6667 -0.0000 -0.0000
(:,:,3,11) : 
-0.3333 -0.6667 -0.3333
-0.6667 -0.6667 -0.3333
-0.6667 -0.6667 -0.6667
(:,:,3,12) : 
-0.0000 -0.0000 0.3333
-0.3333 0.6667 -0.3333
0.6667 -0.3333 0.3333
(:,:,3,13) : 
-0.0000 -0.3333 -0.6667
0.3333 -0.6667 -0.0000
-0.3333 0.0000 -0.0000
(:,:,3,14) : 
-0.0000 -0.0000 0.0000
0.0000 0.0000 0.0000
0.0000 0.0000 0.0000
(:,:,3,15) : 
0.3333 0.3333 0.6667
0.6667 0.6667 1.0000
0.3333 0.6667 0.6667
(:,:,3,16) : 
-0.0000 -0.6667 -0.0000
0.3333 0.0000 -0.3333
-0.0000 0.0000 0.0000
(:,:,4,1) : 
0.3333 0.0000 -0.3333
0.3333 0.3333 0.0000
0.3333 0.3333 0.0000
(:,:,4,2) : 
-0.0000 -0.0000 -0.6667
-0.6667 -0.3333 -0.3333
-0.3333 -0.3333 -0.6667
(:,:,4,3) : 
0.3333 0.3333 -0.0000
0.6667 0.6667 -0.3333
0.3333 0.6667 -0.0000
(:,:,4,4) : 
0.3333 -0.0000 -0.3333
0.6667 0.0000 -0.3333
0.0000 -0.0000 -0.3333
(:,:,4,5) : 
-0.3333 -0.6667 -0.6667
-0.6667 -0.0000 -0.3333
-0.6667 -0.3333 -0.0000
(:,:,4,6) : 
-0.0000 0.3333 0.3333
-0.0000 0.0000 0.3333
-0.3333 0.0000 0.0000
(:,:,4,7) : 
-0.0000 0.0000 0.3333
0.0000 -0.3333 -0.0000
0.3333 0.3333 0.0000
(:,:,4,8) : 
-0.0000 0.0000 0.0000
0.3333 0.3333 -0.3333
0.3333 0.3333 -0.3333
(:,:,4,9) : 
0.0000 0.6667 0.6667
0.3333 0.6667 0.6667
0.6667 0.6667 0.6667
(:,:,4,10) : 
0.3333 0.3333 -0.0000
0.6667 0.6667 0.3333
0.6667 0.3333 0.0000
(:,:,4,11) : 
0.3333 -0.3333 0.0000
-0.3333 -0.3333 -0.3333
-0.6667 -0.3333 0.0000
(:,:,4,12) : 
0.3333 0.3333 0.3333
-0.0000 0.0000 -0.3333
-0.6667 -0.3333 -0.3333
(:,:,4,13) : 
0.3333 0.3333 0.0000
0.3333 -0.3333 0.0000
0.6667 0.3333 -0.3333
(:,:,4,14) : 
0.3333 0.3333 0.3333
-0.0000 0.3333 0.3333
-0.3333 -0.3333 -0.0000
(:,:,4,15) : 
0.3333 0.6667 -0.0000
0.3333 0.6667 0.3333
0.6667 0.0000 -0.0000
(:,:,4,16) : 
-0.3333 -1.0000 -0.0000
-0.6667 -1.0000 -1.0000
-0.6667 -0.6667 -0.3333
(:,:,5,1) : 
0.3333 -0.0000 -0.0000
0.0000 -0.3333 -0.3333
0.3333 -0.0000 -0.3333
(:,:,5,2) : 
0.3333 0.3333 0.0000
0.3333 0.3333 0.3333
0.3333 0.3333 0.0000
(:,:,5,3) : 
-0.0000 0.0000 0.0000
0.3333 0.6667 0.3333
0.3333 0.6667 0.6667
(:,:,5,4) : 
0.0000 0.0000 0.3333
0.0000 0.0000 0.0000
-0.0000 -0.0000 -0.0000
(:,:,5,5) : 
0.0000 0.0000 0.3333
0.3333 0.3333 0.0000
0.3333 0.3333 0.3333
(:,:,5,6) : 
-0.0000 -0.0000 -0.0000
-0.0000 -0.3333 -0.3333
-0.3333 -0.3333 -0.3333
(:,:,5,7) : 
0.0000 0.0000 0.3333
0.3333 0.0000 0.0000
-0.3333 -0.3333 -0.0000
(:,:,5,8) : 
0.3333 0.3333 0.6667
0.3333 0.3333 0.3333
0.3333 0.0000 0.0000
(:,:,5,9) : 
-0.0000 0.3333 0.3333
-0.0000 0.3333 0.3333
0.0000 0.3333 0.3333
(:,:,5,10) : 
-0.0000 -0.0000 -0.0000
-0.0000 -0.3333 -0.3333
0.0000 -0.3333 -0.3333
(:,:,5,11) : 
-0.0000 0.3333 0.3333
0.0000 0.3333 0.6667
0.0000 0.3333 0.6667
(:,:,5,12) : 
0.3333 0.3333 0.3333
0.0000 0.0000 0.0000
-0.0000 -0.0000 -0.0000
(:,:,5,13) : 
0.0000 0.0000 -0.0000
0.3333 -0.0000 -0.3333
0.3333 0.3333 0.3333
(:,:,5,14) : 
-0.3333 -0.0000 0.3333
0.0000 0.3333 0.6667
0.0000 0.3333 0.6667
(:,:,5,15) : 
-0.0000 0.0000 0.3333
0.0000 -0.0000 -0.0000
0.0000 -0.0000 -0.3333
(:,:,5,16) : 
-0.3333 -0.3333 -0.3333
-0.3333 -0.6667 -0.3333
-0.6667 -0.6667 -0.6667
(:,:,6,1) : 
-0.3333 -0.3333 -0.0000
-0.3333 -0.3333 -0.3333
-0.3333 0.0000 0.0000
(:,:,6,2) : 
0.0000 0.3333 0.3333
-0.3333 -0.3333 -0.3333
-0.6667 -0.6667 -0.6667
(:,:,6,3) : 
-0.3333 -0.6667 -0.3333
-1.0000 -1.0000 -0.6667
-0.6667 -1.0000 -0.6667
(:,:,6,4) : 
-0.0000 -0.0000 -0.0000
-0.0000 0.0000 -0.0000
-0.3333 -0.0000 -0.3333
(:,:,6,5) : 
-1.0000 -0.6667 -0.6667
-0.3333 -0.3333 -0.3333
-0.0000 0.0000 0.3333
(:,:,6,6) : 
-0.3333 -0.6667 -0.3333
-0.6667 -0.6667 -0.6667
-0.3333 -0.6667 -0.3333
(:,:,6,7) : 
-0.3333 -0.6667 -0.0000
-0.6667 -0.6667 -0.3333
-0.3333 -0.3333 -0.0000
(:,:,6,8) : 
-0.3333 -0.3333 -0.3333
-0.3333 -0.6667 -0.3333
-0.3333 -0.3333 -0.3333
(:,:,6,9) : 
-0.3333 -1.0000 -0.3333
-0.3333 -0.6667 -0.3333
-0.3333 -0.6667 -0.3333
(:,:,6,10) : 
-0.3333 -0.0000 0.3333
-0.6667 -0.3333 0.0000
-0.6667 -0.3333 0.0000
(:,:,6,11) : 
-0.0000 -0.6667 -0.6667
-0.6667 -0.6667 -0.6667
-0.6667 -0.6667 -0.6667
(:,:,6,12) : 
-0.3333 -0.6667 -0.6667
-0.3333 -0.6667 -0.6667
0.0000 -0.3333 -0.3333
(:,:,6,13) : 
-0.6667 -0.3333 -0.0000
-0.6667 -1.0000 -0.6667
-0.6667 -0.6667 -0.3333
(:,:,6,14) : 
-0.3333 -0.3333 -0.3333
-0.3333 -0.3333 -0.3333
-0.0000 -0.3333 -0.0000
(:,:,6,15) : 
0.0000 -0.3333 -0.6667
-0.3333 -0.6667 -0.6667
-0.6667 -0.6667 -1.0000
(:,:,6,16) : 
-0.6667 -0.3333 -0.3333
-0.6667 -0.3333 -0.3333
-0.3333 -0.0000 -0.3333
(:,:,7,1) : 
0.0000 -0.3333 -0.0000
-0.3333 -0.0000 0.0000
-0.6667 -0.3333 -0.3333
(:,:,7,2) : 
0.0000 0.6667 0.6667
-0.0000 0.0000 0.6667
0.6667 0.0000 0.3333
(:,:,7,3) : 
-0.3333 -0.3333 -0.3333
-0.3333 -0.3333 -0.6667
-0.6667 -0.6667 -0.6667
(:,:,7,4) : 
0.3333 0.6667 0.3333
0.3333 0.6667 0.3333
-0.0000 0.3333 -0.3333
(:,:,7,5) : 
-0.3333 0.0000 -0.0000
-0.3333 0.3333 -0.0000
0.3333 0.3333 0.3333
(:,:,7,6) : 
-0.0000 0.0000 0.0000
0.3333 0.3333 0.3333
0.6667 0.6667 0.6667
(:,:,7,7) : 
-0.3333 -0.6667 -0.3333
0.0000 -0.3333 -0.3333
-0.3333 -0.0000 -0.6667
(:,:,7,8) : 
0.3333 0.3333 0.0000
0.3333 0.6667 -0.0000
0.3333 0.3333 -0.0000
(:,:,7,9) : 
-0.6667 0.0000 -0.6667
-0.6667 -1.0000 -0.6667
-0.6667 -1.0000 -0.6667
(:,:,7,10) : 
0.0000 0.3333 -0.3333
0.3333 0.0000 -0.0000
0.3333 0.3333 0.6667
(:,:,7,11) : 
-0.3333 -0.3333 -0.6667
-0.6667 -0.6667 -0.6667
-0.6667 -0.6667 -0.3333
(:,:,7,12) : 
0.3333 -0.3333 0.3333
-0.0000 0.0000 0.0000
-0.6667 0.0000 -0.0000
(:,:,7,13) : 
-0.6667 -0.6667 -0.3333
-0.3333 -0.6667 -0.6667
-0.0000 -1.0000 -0.3333
(:,:,7,14) : 
0.3333 0.3333 -0.0000
0.3333 0.3333 0.0000
0.3333 0.3333 -0.0000
(:,:,7,15) : 
0.6667 0.6667 0.6667
0.6667 0.6667 1.0000
0.3333 0.6667 0.6667
(:,:,7,16) : 
-0.0000 -0.3333 0.3333
-0.0000 -0.6667 -0.0000
-0.0000 0.3333 -0.3333
(:,:,8,1) : 
0.3333 0.3333 0.3333
-0.0000 -0.0000 0.3333
0.3333 0.0000 0.0000
(:,:,8,2) : 
-0.3333 0.0000 -0.3333
-0.3333 -0.3333 -0.6667
-0.3333 -0.3333 -0.6667
(:,:,8,3) : 
0.3333 0.0000 0.3333
1.0000 1.0000 0.3333
0.6667 0.6667 0.3333
(:,:,8,4) : 
-0.0000 -0.3333 -0.3333
-0.3333 -0.3333 -0.0000
-0.0000 -0.0000 -0.0000
(:,:,8,5) : 
0.3333 0.3333 -0.0000
-0.0000 -0.0000 -0.0000
0.6667 0.6667 0.3333
(:,:,8,6) : 
0.0000 -0.0000 -0.3333
0.3333 0.3333 -0.3333
-0.0000 -0.0000 -0.3333
(:,:,8,7) : 
-0.0000 0.0000 0.0000
0.3333 0.6667 0.3333
-0.0000 0.0000 0.0000
(:,:,8,8) : 
-0.0000 0.0000 -0.0000
0.0000 0.3333 0.0000
-0.3333 0.0000 -0.3333
(:,:,8,9) : 
0.3333 0.6667 0.3333
0.6667 0.6667 0.6667
0.6667 0.6667 0.6667
(:,:,8,10) : 
-0.6667 -0.6667 -0.6667
-0.6667 -0.6667 -0.6667
-1.0000 -0.6667 -0.6667
(:,:,8,11) : 
-0.3333 -0.3333 -0.0000
-0.0000 -0.3333 0.0000
-0.0000 -0.6667 -0.0000
(:,:,8,12) : 
-0.0000 -0.3333 0.0000
0.6667 0.3333 0.0000
0.3333 -0.3333 -0.3333
(:,:,8,13) : 
0.3333 0.3333 0.3333
0.0000 -0.3333 -0.0000
0.0000 0.3333 0.0000
(:,:,8,14) : 
-0.0000 0.3333 0.3333
-0.3333 0.3333 0.0000
-0.3333 -0.3333 -0.3333
(:,:,8,15) : 
-0.3333 -0.3333 -0.3333
-0.6667 -0.6667 -0.6667
0.0000 0.3333 0.0000
(:,:,8,16) : 
-1.0000 -0.6667 -1.0000
-0.3333 -0.6667 -0.3333
-0.6667 -0.3333 -0.0000
(:,:,9,1) : 
0.3333 0.3333 0.3333
0.6667 0.6667 0.6667
0.3333 0.3333 0.6667
(:,:,9,2) : 
-0.3333 -0.6667 -0.6667
-1.0000 -0.6667 0.3333
-0.6667 -0.3333 0.3333
(:,:,9,3) : 
0.0000 0.3333 0.3333
0.0000 0.0000 0.0000
-0.3333 0.0000 -0.0000
(:,:,9,4) : 
0.0000 0.0000 -0.3333
0.0000 0.0000 -0.3333
-0.3333 -0.0000 -0.3333
(:,:,9,5) : 
0.3333 0.0000 -0.3333
-0.3333 0.0000 -0.3333
-0.3333 0.0000 0.0000
(:,:,9,6) : 
-0.0000 -0.3333 -0.0000
0.0000 -0.3333 -0.3333
0.0000 -0.3333 -0.3333
(:,:,9,7) : 
0.3333 0.3333 0.3333
0.6667 0.0000 0.3333
0.6667 -0.0000 -0.0000
(:,:,9,8) : 
-0.3333 -0.3333 0.0000
0.3333 -0.3333 -0.0000
0.0000 -0.3333 -0.3333
(:,:,9,9) : 
-1.0000 -0.0000 -0.6667
-0.6667 -0.3333 -0.6667
-0.3333 -0.3333 -0.3333
(:,:,9,10) : 
0.0000 0.6667 -0.0000
0.0000 0.6667 -0.0000
0.3333 0.6667 0.0000
(:,:,9,11) : 
-0.0000 -0.0000 0.0000
-0.3333 -0.6667 -0.6667
-0.6667 -0.3333 -0.0000
(:,:,9,12) : 
0.6667 0.3333 0.6667
0.6667 0.6667 0.6667
-0.3333 0.3333 0.3333
(:,:,9,13) : 
0.0000 0.6667 0.6667
-0.0000 0.0000 0.6667
0.3333 0.3333 0.3333
(:,:,9,14) : 
-0.0000 -0.3333 -0.3333
0.0000 -0.0000 -0.0000
-0.0000 -0.3333 -0.0000
(:,:,9,15) : 
0.0000 0.3333 -0.0000
0.3333 0.3333 0.0000
0.3333 0.0000 -0.3333
(:,:,9,16) : 
-0.3333 0.3333 0.6667
-0.3333 -0.3333 0.0000
0.3333 -0.0000 -0.3333
(:,:,10,1) : 
0.0000 -0.3333 -0.3333
-0.3333 -0.3333 -0.3333
0.3333 -0.0000 0.3333
(:,:,10,2) : 
0.3333 0.6667 0.6667
0.6667 0.3333 -0.3333
0.3333 0.0000 0.0000
(:,:,10,3) : 
0.0000 0.3333 0.0000
0.6667 1.0000 0.6667
0.3333 0.3333 0.3333
(:,:,10,4) : 
0.0000 0.3333 0.3333
0.3333 0.3333 0.3333
-0.3333 -0.3333 -0.3333
(:,:,10,5) : 
-0.6667 -0.3333 -0.3333
-0.6667 -0.3333 0.3333
-0.3333 -0.3333 -0.3333
(:,:,10,6) : 
-0.3333 0.0000 -0.0000
-0.0000 0.0000 -0.3333
0.0000 -0.0000 -0.3333
(:,:,10,7) : 
0.0000 0.3333 0.6667
0.3333 0.6667 0.3333
-0.3333 -0.0000 -0.0000
(:,:,10,8) : 
-0.0000 0.3333 -0.3333
0.3333 0.3333 -0.3333
-0.3333 -0.0000 -0.3333
(:,:,10,9) : 
-0.3333 0.3333 0.0000
-0.0000 0.3333 0.3333
0.0000 0.3333 0.0000
(:,:,10,10) : 
-0.0000 -0.3333 -0.3333
-0.3333 -0.3333 -0.6667
-0.3333 -0.3333 0.0000
(:,:,10,11) : 
0.3333 0.6667 0.3333
0.0000 0.3333 0.3333
0.3333 0.3333 0.3333
(:,:,10,12) : 
-0.3333 -0.6667 -0.3333
0.3333 -0.6667 -0.6667
0.6667 -0.3333 -0.6667
(:,:,10,13) : 
-0.3333 -0.0000 -0.0000
-0.0000 -0.0000 -0.0000
-0.0000 -0.0000 0.3333
(:,:,10,14) : 
-0.3333 0.3333 0.3333
-0.3333 0.0000 0.0000
-0.6667 -0.3333 -0.6667
(:,:,10,15) : 
0.3333 0.0000 0.3333
0.0000 -0.0000 -0.3333
0.3333 0.3333 -0.0000
(:,:,10,16) : 
-0.6667 -0.3333 -0.6667
-0.0000 -0.6667 -0.3333
-0.3333 -0.6667 0.0000
(:,:,11,1) : 
0.0000 -0.6667 -0.6667
-0.0000 -0.3333 -0.3333
-0.6667 -0.3333 -0.0000
(:,:,11,2) : 
-0.3333 -0.3333 0.0000
-0.6667 -0.3333 -0.0000
-0.3333 0.3333 -0.3333
(:,:,11,3) : 
0.3333 0.3333 0.0000
-0.0000 -0.0000 -0.3333
-0.0000 -0.0000 -0.0000
(:,:,11,4) : 
-0.3333 0.0000 0.0000
-0.0000 0.3333 0.3333
-0.3333 0.0000 -0.0000
(:,:,11,5) : 
-0.6667 -0.0000 -0.3333
-0.3333 -0.0000 -0.0000
0.0000 0.0000 -0.0000
(:,:,11,6) : 
0.0000 -0.3333 -0.3333
0.3333 0.0000 0.3333
0.0000 0.3333 0.6667
(:,:,11,7) : 
0.6667 0.3333 -0.3333
0.6667 0.3333 0.6667
0.6667 0.6667 0.3333
(:,:,11,8) : 
0.6667 -0.0000 0.0000
0.3333 0.6667 0.3333
-0.0000 0.0000 -0.0000
(:,:,11,9) : 
-0.6667 0.3333 -0.6667
-0.3333 -0.6667 -0.6667
-0.3333 -0.6667 -0.6667
(:,:,11,10) : 
-0.3333 -0.3333 -0.3333
-0.6667 -0.6667 -0.6667
-0.3333 -0.6667 -0.6667
(:,:,11,11) : 
-0.0000 0.0000 -0.0000
-0.3333 -0.6667 -0.6667
0.0000 -0.6667 0.3333
(:,:,11,12) : 
-0.3333 -0.3333 -0.0000
0.3333 -0.0000 0.3333
0.0000 0.3333 0.6667
(:,:,11,13) : 
0.3333 0.3333 0.6667
-0.0000 0.6667 0.0000
0.0000 0.0000 0.0000
(:,:,11,14) : 
-0.3333 -0.0000 -0.6667
0.3333 0.3333 -0.3333
0.3333 0.3333 -0.0000
(:,:,11,15) : 
0.0000 -0.0000 -0.3333
0.3333 -0.0000 0.3333
-0.3333 0.3333 0.6667
(:,:,11,16) : 
0.6667 0.6667 0.3333
0.6667 0.6667 0.3333
0.6667 0.3333 0.6667
(:,:,12,1) : 
-0.3333 -0.3333 -0.0000
-0.0000 -0.0000 0.0000
-0.3333 -0.3333 -0.0000
(:,:,12,2) : 
0.3333 -0.3333 0.0000
0.3333 -0.3333 0.3333
-0.3333 -0.3333 0.6667
(:,:,12,3) : 
0.0000 0.0000 0.3333
0.0000 0.6667 0.6667
0.0000 0.3333 0.0000
(:,:,12,4) : 
-0.3333 0.0000 0.3333
0.0000 0.3333 0.6667
-0.0000 0.3333 0.3333
(:,:,12,5) : 
0.3333 0.3333 -0.3333
0.6667 0.6667 0.3333
0.6667 0.6667 0.3333
(:,:,12,6) : 
-0.0000 -0.3333 -0.6667
0.3333 -0.0000 -0.0000
0.0000 -0.0000 -0.3333
(:,:,12,7) : 
0.3333 0.6667 0.0000
1.0000 0.6667 0.3333
0.3333 0.6667 0.0000
(:,:,12,8) : 
0.0000 0.6667 0.6667
0.6667 0.6667 0.3333
0.3333 0.0000 0.3333
(:,:,12,9) : 
-0.0000 -0.3333 0.0000
-0.6667 -0.6667 -0.3333
-0.3333 -0.0000 -0.3333
(:,:,12,10) : 
-0.3333 0.6667 1.0000
-0.0000 -0.0000 0.3333
0.3333 -0.3333 -0.3333
(:,:,12,11) : 
-0.3333 0.0000 0.0000
-0.6667 -0.0000 -0.3333
-0.3333 0.3333 0.0000
(:,:,12,12) : 
-1.0000 -0.3333 0.0000
-0.6667 -0.6667 -0.3333
-0.3333 -0.3333 -0.0000
(:,:,12,13) : 
0.6667 0.3333 0.3333
0.0000 -0.0000 0.6667
-0.0000 0.3333 0.6667
(:,:,12,14) : 
0.0000 -0.0000 -0.0000
0.0000 0.3333 0.0000
-0.0000 -0.3333 -0.0000
(:,:,12,15) : 
-0.3333 -0.3333 -0.0000
-0.0000 0.3333 0.3333
0.3333 0.0000 0.3333
(:,:,12,16) : 
0.3333 0.6667 0.0000
0.3333 0.6667 -0.0000
0.0000 0.3333 -0.3333
(:,:,13,1) : 
0.0000 -0.6667 -0.3333
-0.3333 -0.6667 -0.0000
-0.3333 -0.3333 0.3333
(:,:,13,2) : 
-0.0000 0.0000 0.0000
0.0000 0.3333 -0.3333
0.0000 -0.3333 -0.3333
(:,:,13,3) : 
-0.6667 -0.3333 -0.0000
0.0000 0.3333 0.3333
0.0000 0.3333 0.3333
(:,:,13,4) : 
0.0000 0.3333 0.3333
0.3333 0.6667 0.6667
0.3333 0.6667 0.3333
(:,:,13,5) : 
-0.0000 0.3333 0.6667
0.6667 0.6667 0.6667
0.6667 0.6667 0.6667
(:,:,13,6) : 
0.3333 0.0000 -0.0000
0.3333 0.0000 -0.0000
0.3333 0.3333 0.0000
(:,:,13,7) : 
0.3333 0.3333 0.0000
0.3333 0.6667 0.3333
0.0000 0.3333 -0.3333
(:,:,13,8) : 
-0.3333 0.3333 -0.0000
0.3333 0.6667 0.3333
0.0000 0.3333 0.3333
(:,:,13,9) : 
0.6667 0.6667 0.3333
0.6667 -0.3333 -0.0000
0.3333 -0.3333 -0.0000
(:,:,13,10) : 
-0.6667 -0.6667 -0.6667
-0.3333 -0.6667 -0.6667
-0.3333 -0.6667 -0.0000
(:,:,13,11) : 
0.3333 0.3333 -0.3333
0.3333 -0.6667 -0.3333
-0.3333 -0.3333 -0.3333
(:,:,13,12) : 
-0.3333 -0.3333 -0.3333
-0.6667 -0.3333 -0.3333
-0.3333 -0.3333 -0.6667
(:,:,13,13) : 
-0.6667 -0.3333 -0.3333
-0.3333 -0.6667 -0.3333
-0.3333 -0.6667 0.0000
(:,:,13,14) : 
0.3333 0.3333 0.3333
0.3333 0.6667 0.3333
0.0000 0.3333 0.0000
(:,:,13,15) : 
0.3333 0.3333 0.0000
0.3333 0.0000 0.3333
0.3333 0.6667 0.3333
(:,:,13,16) : 
0.6667 0.3333 0.3333
0.3333 0.3333 0.3333
-0.3333 -0.3333 -0.0000
(:,:,14,1) : 
-0.3333 0.3333 0.3333
0.3333 0.0000 0.3333
0.0000 0.3333 0.3333
(:,:,14,2) : 
0.0000 -0.6667 -0.6667
-0.3333 -1.0000 -0.6667
-0.3333 -0.3333 -0.3333
(:,:,14,3) : 
-0.0000 -0.3333 0.0000
-0.3333 -0.6667 -0.3333
-0.3333 -0.6667 -0.3333
(:,:,14,4) : 
0.0000 0.0000 -0.0000
0.3333 0.3333 0.0000
0.0000 0.3333 -0.3333
(:,:,14,5) : 
-0.6667 -0.6667 -0.0000
-0.6667 -0.3333 -0.0000
0.0000 0.3333 0.6667
(:,:,14,6) : 
-0.6667 -0.6667 -0.3333
-0.0000 -0.3333 -0.3333
-0.0000 -0.0000 -0.3333
(:,:,14,7) : 
0.3333 0.0000 -0.0000
0.0000 0.3333 -0.3333
-0.3333 -0.0000 -0.3333
(:,:,14,8) : 
0.0000 0.3333 -0.0000
0.3333 0.3333 0.0000
0.0000 -0.0000 -0.3333
(:,:,14,9) : 
0.3333 -0.3333 0.3333
-0.3333 -0.6667 -0.3333
0.0000 -0.6667 -0.0000
(:,:,14,10) : 
0.3333 -0.3333 -0.6667
0.0000 -0.3333 -0.6667
0.3333 -0.0000 -0.3333
(:,:,14,11) : 
0.6667 0.3333 0.3333
0.0000 -0.6667 0.0000
0.0000 -0.6667 0.3333
(:,:,14,12) : 
0.0000 0.0000 -0.3333
0.0000 0.6667 0.3333
0.3333 0.6667 0.3333
(:,:,14,13) : 
0.0000 0.3333 0.6667
-0.3333 -0.0000 0.3333
-0.6667 -0.3333 0.0000
(:,:,14,14) : 
-0.0000 -0.0000 -0.3333
0.0000 0.0000 -0.0000
0.0000 -0.0000 -0.0000
(:,:,14,15) : 
-0.3333 -0.0000 -0.0000
0.3333 0.0000 0.3333
-0.0000 -0.0000 0.0000
(:,:,14,16) : 
0.3333 0.3333 0.3333
0.3333 0.6667 0.3333
0.3333 0.3333 0.0000
(:,:,15,1) : 
0.0000 -0.3333 -0.0000
0.3333 0.0000 0.0000
-0.6667 -0.3333 -0.0000
(:,:,15,2) : 
-0.0000 0.3333 -0.0000
-0.3333 0.3333 -0.0000
0.0000 1.0000 0.6667
(:,:,15,3) : 
0.6667 1.0000 0.3333
0.3333 0.3333 0.0000
0.3333 0.6667 0.3333
(:,:,15,4) : 
-0.3333 -0.6667 -0.6667
-0.3333 -0.3333 -0.0000
-0.6667 -0.3333 -0.0000
(:,:,15,5) : 
-0.6667 -0.6667 -0.6667
-0.6667 -0.3333 -0.3333
-0.3333 -0.0000 -0.0000
(:,:,15,6) : 
0.3333 0.0000 -0.0000
0.6667 0.3333 0.3333
0.6667 0.3333 0.3333
(:,:,15,7) : 
-0.6667 -0.3333 -0.3333
0.3333 -0.3333 0.3333
0.3333 -0.3333 0.0000
(:,:,15,8) : 
-0.0000 -0.3333 -0.0000
0.3333 0.0000 0.3333
-0.3333 -0.3333 -0.3333
(:,:,15,9) : 
-1.0000 -0.0000 -0.6667
-1.0000 -0.6667 -1.0000
-1.0000 -0.3333 -0.6667
(:,:,15,10) : 
-0.3333 -0.3333 -0.6667
-0.6667 -0.3333 -0.6667
-0.3333 0.0000 -0.6667
(:,:,15,11) : 
-0.3333 -0.0000 -0.6667
-0.6667 -0.6667 -0.6667
-0.6667 -1.0000 -1.0000
(:,:,15,12) : 
0.6667 0.0000 0.3333
0.6667 0.6667 1.0000
0.6667 0.6667 0.6667
(:,:,15,13) : 
0.3333 0.3333 0.3333
0.0000 0.3333 0.3333
0.0000 0.6667 0.3333
(:,:,15,14) : 
-0.3333 -0.3333 -0.3333
-0.3333 0.0000 -0.0000
0.0000 0.3333 0.3333
(:,:,15,15) : 
-0.0000 -0.0000 -0.3333
-0.3333 0.0000 0.0000
-0.6667 -0.3333 -0.0000
(:,:,15,16) : 
-0.6667 0.0000 0.3333
0.0000 0.3333 0.3333
0.3333 -0.0000 -0.3333
(:,:,16,1) : 
0.0000 -0.0000 -0.3333
-0.0000 -0.0000 -0.3333
-0.3333 -0.0000 0.3333
(:,:,16,2) : 
0.3333 -0.3333 -0.3333
0.0000 -0.3333 -0.6667
0.3333 -0.3333 -0.6667
(:,:,16,3) : 
0.3333 0.3333 0.3333
0.3333 0.6667 0.3333
0.6667 0.6667 0.6667
(:,:,16,4) : 
-0.3333 -0.0000 -0.0000
-0.3333 -0.0000 -0.3333
-0.3333 -0.3333 -0.3333
(:,:,16,5) : 
-0.0000 -0.3333 -0.3333
0.3333 0.3333 0.3333
-0.3333 -0.3333 -0.0000
(:,:,16,6) : 
0.0000 0.0000 -0.0000
-0.0000 0.0000 -0.3333
-0.0000 0.0000 -0.0000
(:,:,16,7) : 
0.0000 0.6667 0.6667
0.3333 0.6667 0.3333
0.3333 0.6667 0.6667
(:,:,16,8) : 
0.0000 0.3333 0.3333
0.0000 0.6667 0.0000
0.0000 0.3333 -0.0000
(:,:,16,9) : 
-0.0000 -0.0000 0.0000
0.3333 0.3333 0.3333
0.0000 0.3333 0.0000
(:,:,16,10) : 
-0.6667 -0.6667 -0.6667
-0.6667 -0.6667 -0.6667
-0.6667 -0.6667 -0.6667
(:,:,16,11) : 
0.0000 -0.3333 -0.0000
-0.3333 0.0000 0.3333
0.0000 -0.0000 0.3333
(:,:,16,12) : 
0.3333 0.3333 0.3333
0.3333 0.0000 -0.0000
0.0000 -0.0000 0.3333
(:,:,16,13) : 
0.6667 0.3333 0.3333
0.6667 0.3333 0.3333
0.6667 0.3333 0.3333
(:,:,16,14) : 
0.0000 0.3333 0.3333
-0.3333 0.0000 0.3333
-0.3333 -0.3333 -0.3333
(:,:,16,15) : 
0.0000 0.0000 -0.0000
0.0000 -0.0000 -0.0000
-0.3333 -0.0000 -0.0000
(:,:,16,16) : 
-0.6667 -0.6667 -0.0000
-1.0000 -0.6667 -0.6667
-0.6667 -0.6667 -0.6667
