16.195671
23.987785
21.475121
27.538872
16.709076
17.552877
19.994219
27.432676
22.393585
20.169821
19.746334
20.121939
24.345057
17.143944
22.526083
24.796705
16.646486
26.600525
17.192429
22.590527
22.862165
17.391047
16.321056
21.436186
20.588224
25.800760
15.608357
16.008045
21.746191
24.952332
23.070129
22.081148
20.041845
23.087246
21.722996
22.456577
21.221672
19.386997
19.693970
18.924280
17.774271
18.525337
22.617918
29.625320
19.628721
16.884005
17.028883
19.751101
17.389977
20.202349
15.392752
20.574890
17.732990
20.402332
48.822918
16.178974
21.376282
23.191189
17.241037
14.035377
18.469223
20.649002
21.681051
17.380474
