(:,:,1,1) : 
-0.3333 -0.3333 -0.0000
0.6667 -0.0000 -0.3333
0.6667 0.6667 0.3333
(:,:,1,2) : 
0.3333 -0.3333 -0.0000
0.0000 0.3333 0.3333
-0.0000 -0.0000 0.6667
(:,:,1,3) : 
-0.3333 -0.3333 -0.0000
-1.0000 -0.6667 0.0000
-0.3333 -0.0000 0.6667
(:,:,1,4) : 
-0.0000 -0.6667 -1.0000
-0.6667 -1.0000 -1.0000
-0.6667 -0.6667 -1.0000
(:,:,1,5) : 
-0.6667 0.3333 1.0000
-1.0000 0.6667 1.0000
-0.6667 0.3333 1.0000
(:,:,1,6) : 
0.0000 -0.3333 -0.3333
0.0000 -0.3333 -0.3333
-0.0000 0.0000 0.3333
(:,:,1,7) : 
-0.3333 -1.0000 -0.6667
-0.0000 -0.3333 -0.3333
0.3333 -0.3333 0.6667
(:,:,1,8) : 
-0.6667 -1.0000 -1.0000
-1.0000 -1.0000 -0.6667
-0.6667 -0.3333 0.0000
(:,:,1,9) : 
-0.0000 -0.0000 -0.0000
-0.0000 -0.0000 -0.0000
0.0000 -0.0000 -0.0000
(:,:,1,10) : 
0.0000 -0.3333 -0.3333
-0.3333 -0.6667 0.0000
-0.0000 -0.0000 0.0000
(:,:,1,11) : 
-0.6667 0.3333 1.0000
-0.3333 -0.3333 0.6667
0.0000 -1.0000 -0.6667
(:,:,1,12) : 
-0.0000 -0.3333 -0.6667
0.6667 0.6667 -0.0000
0.6667 1.0000 0.6667
(:,:,1,13) : 
0.3333 0.3333 0.3333
0.0000 0.6667 0.3333
-0.0000 -0.0000 -0.3333
(:,:,1,14) : 
0.0000 0.0000 0.0000
-0.6667 -0.3333 0.0000
-0.0000 0.0000 -0.0000
(:,:,1,15) : 
-1.0000 -0.0000 0.3333
-0.6667 -0.0000 0.3333
-0.6667 -0.3333 0.3333
(:,:,1,16) : 
-0.3333 -0.3333 -0.6667
0.6667 0.3333 -0.0000
0.3333 0.3333 -0.0000
(:,:,1,17) : 
0.6667 1.0000 -0.0000
-1.0000 1.0000 0.6667
-1.0000 -1.0000 1.0000
(:,:,1,18) : 
-0.3333 -0.0000 -0.0000
-0.3333 -0.3333 -0.0000
-0.0000 -0.0000 0.0000
(:,:,1,19) : 
-0.3333 -0.3333 -0.0000
0.3333 -0.3333 0.0000
0.3333 -0.3333 0.3333
(:,:,1,20) : 
-0.3333 -0.0000 0.3333
0.3333 0.6667 0.6667
0.3333 0.6667 0.3333
(:,:,1,21) : 
0.6667 0.0000 -0.3333
1.0000 0.0000 -0.3333
0.6667 -0.3333 -0.6667
(:,:,1,22) : 
0.3333 0.6667 -0.0000
0.3333 0.6667 0.6667
0.3333 0.3333 0.0000
(:,:,1,23) : 
0.6667 0.6667 0.6667
0.3333 0.6667 0.3333
0.0000 0.3333 0.3333
(:,:,1,24) : 
0.3333 -0.0000 -1.0000
0.3333 0.6667 0.6667
0.0000 0.3333 0.3333
(:,:,1,25) : 
0.6667 0.3333 -0.6667
1.0000 0.3333 -1.0000
0.6667 -0.0000 -0.6667
(:,:,1,26) : 
0.3333 0.0000 -0.6667
-0.3333 -0.6667 -0.6667
-0.6667 -0.3333 -0.6667
(:,:,1,27) : 
0.3333 1.0000 -0.3333
0.0000 1.0000 0.3333
0.3333 1.0000 1.0000
(:,:,1,28) : 
0.6667 1.0000 0.6667
-0.0000 -0.0000 -0.0000
-1.0000 -1.0000 -1.0000
(:,:,1,29) : 
-0.3333 0.0000 0.0000
-0.6667 -0.6667 -0.6667
0.0000 -0.3333 -0.0000
(:,:,1,30) : 
-0.0000 0.3333 0.0000
0.0000 0.6667 0.3333
0.0000 0.6667 0.6667
(:,:,1,31) : 
-0.3333 -0.3333 -0.3333
-0.6667 -0.0000 -0.3333
-0.3333 0.3333 -0.0000
(:,:,1,32) : 
0.3333 -1.0000 -0.6667
1.0000 1.0000 -0.6667
-0.3333 1.0000 1.0000
(:,:,2,1) : 
0.6667 -1.0000 -1.0000
1.0000 0.0000 -0.6667
0.3333 1.0000 0.3333
(:,:,2,2) : 
-0.6667 -0.6667 -1.0000
0.3333 -0.0000 -0.0000
0.6667 0.3333 0.0000
(:,:,2,3) : 
0.3333 0.3333 0.3333
0.6667 -0.0000 -0.6667
-0.3333 -1.0000 -0.6667
(:,:,2,4) : 
-1.0000 -1.0000 -0.6667
-1.0000 -1.0000 -0.6667
-0.6667 -0.6667 -0.3333
(:,:,2,5) : 
-1.0000 -0.3333 0.3333
-1.0000 -0.6667 0.6667
-0.6667 -1.0000 1.0000
(:,:,2,6) : 
-0.6667 -0.6667 -0.0000
-0.3333 -0.0000 0.6667
-0.6667 0.3333 1.0000
(:,:,2,7) : 
-0.3333 -0.6667 -0.3333
0.0000 0.3333 0.3333
0.6667 0.6667 -0.3333
(:,:,2,8) : 
0.0000 0.6667 0.6667
0.6667 1.0000 0.6667
0.3333 0.3333 -0.0000
(:,:,2,9) : 
-0.0000 -0.0000 -0.0000
-0.0000 -0.0000 0.0000
0.0000 -0.0000 0.0000
(:,:,2,10) : 
-0.3333 0.3333 0.3333
-0.3333 0.3333 0.6667
-0.6667 -0.3333 0.0000
(:,:,2,11) : 
-0.6667 -1.0000 0.3333
0.6667 -1.0000 -1.0000
1.0000 0.3333 -0.6667
(:,:,2,12) : 
0.0000 -0.0000 0.3333
-0.3333 -0.3333 -0.3333
-0.3333 -0.3333 -0.6667
(:,:,2,13) : 
-1.0000 -1.0000 0.0000
-0.6667 -1.0000 -1.0000
0.3333 -0.6667 -0.3333
(:,:,2,14) : 
0.3333 -0.0000 -0.3333
-0.6667 -1.0000 -0.0000
-0.6667 0.0000 0.3333
(:,:,2,15) : 
0.3333 -0.3333 0.3333
-0.3333 -0.6667 -0.3333
-0.6667 -0.6667 -0.3333
(:,:,2,16) : 
0.0000 -0.3333 -0.0000
0.0000 -0.3333 -0.3333
0.0000 -0.3333 -0.3333
(:,:,2,17) : 
-0.6667 1.0000 1.0000
-1.0000 -0.6667 0.6667
-0.0000 -1.0000 -0.3333
(:,:,2,18) : 
-0.0000 -0.0000 -0.3333
-0.3333 0.0000 0.3333
-0.0000 0.0000 0.3333
(:,:,2,19) : 
0.3333 -0.6667 -0.3333
0.0000 -1.0000 -1.0000
0.0000 -0.6667 -0.6667
(:,:,2,20) : 
1.0000 1.0000 0.6667
0.3333 0.6667 0.3333
-0.0000 0.3333 -0.6667
(:,:,2,21) : 
-0.3333 -0.3333 0.3333
-0.3333 0.0000 0.6667
-0.3333 0.3333 0.6667
(:,:,2,22) : 
1.0000 0.3333 -0.6667
1.0000 1.0000 0.6667
0.6667 1.0000 0.6667
(:,:,2,23) : 
0.6667 1.0000 1.0000
0.6667 0.6667 1.0000
0.6667 0.3333 0.3333
(:,:,2,24) : 
0.3333 0.6667 0.3333
-0.3333 0.0000 0.3333
-0.6667 -0.3333 -0.3333
(:,:,2,25) : 
0.6667 0.3333 -0.3333
0.3333 0.3333 -0.6667
0.6667 -0.0000 -0.3333
(:,:,2,26) : 
0.3333 1.0000 0.6667
0.3333 1.0000 0.6667
0.6667 0.6667 0.0000
(:,:,2,27) : 
-0.3333 0.6667 0.0000
-0.6667 0.3333 0.3333
-0.6667 -0.0000 0.3333
(:,:,2,28) : 
0.6667 0.3333 -0.3333
-0.3333 -0.3333 -0.3333
0.3333 0.3333 0.3333
(:,:,2,29) : 
-0.6667 -1.0000 -0.0000
-0.0000 -1.0000 -0.3333
0.3333 0.3333 0.3333
(:,:,2,30) : 
-0.3333 0.0000 -0.3333
0.3333 0.0000 -0.3333
0.0000 -0.0000 -0.3333
(:,:,2,31) : 
0.0000 -0.3333 -0.6667
0.3333 0.6667 0.0000
-0.0000 0.0000 -0.3333
(:,:,2,32) : 
1.0000 -0.0000 -0.6667
0.0000 0.6667 -0.0000
-1.0000 -0.3333 1.0000
(:,:,3,1) : 
-0.3333 -0.0000 0.3333
0.3333 -0.0000 -0.6667
-0.0000 0.0000 -0.0000
(:,:,3,2) : 
0.6667 1.0000 1.0000
0.0000 0.3333 0.3333
-0.0000 0.3333 0.0000
(:,:,3,3) : 
-0.0000 0.0000 0.0000
0.0000 -0.3333 -0.3333
-0.3333 -0.3333 0.0000
(:,:,3,4) : 
0.0000 -0.3333 -0.3333
0.0000 -0.6667 -0.6667
0.3333 -0.3333 -0.3333
(:,:,3,5) : 
0.0000 -0.6667 -0.3333
0.3333 -0.3333 0.6667
0.3333 0.0000 0.3333
(:,:,3,6) : 
-0.0000 0.0000 0.0000
0.3333 0.3333 0.3333
0.3333 -0.0000 -0.0000
(:,:,3,7) : 
-0.6667 -0.6667 0.0000
-0.6667 -0.3333 0.0000
0.0000 -0.3333 -0.3333
(:,:,3,8) : 
0.3333 -0.0000 -0.0000
0.3333 -0.3333 -0.3333
-0.0000 -0.0000 -0.3333
(:,:,3,9) : 
-0.0000 -0.0000 -0.0000
-0.0000 -0.0000 -0.0000
-0.0000 -0.0000 -0.0000
(:,:,3,10) : 
-0.0000 0.0000 -0.0000
-0.3333 -0.3333 -0.0000
-0.3333 -0.3333 -0.3333
(:,:,3,11) : 
-0.0000 0.0000 0.3333
-0.3333 0.0000 0.0000
-0.3333 0.0000 0.0000
(:,:,3,12) : 
-0.3333 -0.6667 0.0000
-0.0000 0.3333 0.0000
0.0000 0.6667 0.3333
(:,:,3,13) : 
-0.0000 -0.0000 0.3333
-0.3333 -0.3333 0.3333
-0.6667 -0.0000 -0.0000
(:,:,3,14) : 
0.3333 -0.0000 -0.3333
-0.3333 -1.0000 -0.3333
-0.3333 -0.3333 0.0000
(:,:,3,15) : 
0.3333 0.3333 -0.3333
0.6667 0.3333 -0.0000
0.6667 0.6667 0.0000
(:,:,3,16) : 
-0.3333 -0.3333 -0.0000
-0.3333 0.3333 -0.0000
0.3333 0.3333 0.3333
(:,:,3,17) : 
0.0000 0.6667 0.0000
-0.3333 0.0000 0.3333
0.3333 -0.0000 -0.0000
(:,:,3,18) : 
-0.3333 -0.3333 -0.0000
-0.3333 0.0000 0.6667
-0.3333 -0.0000 0.0000
(:,:,3,19) : 
0.0000 -0.6667 -0.0000
0.0000 -0.3333 -0.3333
0.0000 -0.0000 0.0000
(:,:,3,20) : 
-0.3333 -0.0000 -0.0000
-0.6667 -1.0000 -0.3333
-0.6667 -1.0000 0.0000
(:,:,3,21) : 
0.3333 0.6667 -0.0000
0.6667 0.6667 0.0000
0.3333 0.6667 0.3333
(:,:,3,22) : 
0.0000 -0.3333 -0.3333
-0.0000 -0.3333 -0.3333
0.0000 -0.3333 0.0000
(:,:,3,23) : 
-0.0000 -0.3333 -0.0000
-0.3333 -0.3333 -0.3333
-0.3333 -0.3333 0.0000
(:,:,3,24) : 
0.0000 1.0000 0.3333
-0.3333 1.0000 1.0000
-0.6667 0.0000 0.6667
(:,:,3,25) : 
0.0000 -0.3333 -0.3333
-0.3333 -0.3333 -0.3333
-0.3333 -0.3333 0.0000
(:,:,3,26) : 
0.6667 0.6667 0.3333
0.3333 0.3333 0.0000
-0.0000 -0.3333 -0.6667
(:,:,3,27) : 
-0.0000 0.0000 0.0000
-0.3333 0.3333 0.3333
-0.0000 0.3333 0.3333
(:,:,3,28) : 
-0.3333 -0.3333 -0.3333
-0.0000 -0.3333 0.0000
0.3333 -0.3333 -0.3333
(:,:,3,29) : 
-0.3333 -0.6667 -0.3333
0.3333 -0.3333 -0.3333
0.0000 -0.0000 -0.3333
(:,:,3,30) : 
-0.0000 -0.3333 -0.3333
0.0000 -0.0000 -0.3333
0.3333 -0.3333 -0.3333
(:,:,3,31) : 
-0.0000 0.3333 0.3333
0.3333 1.0000 0.6667
0.3333 0.3333 0.3333
(:,:,3,32) : 
0.0000 0.0000 -0.3333
-0.0000 0.3333 0.0000
-0.3333 0.0000 0.6667
(:,:,4,1) : 
-0.3333 -0.0000 -0.0000
-0.0000 0.0000 0.3333
0.0000 0.3333 0.3333
(:,:,4,2) : 
0.0000 0.3333 0.3333
0.6667 1.0000 0.6667
0.3333 0.3333 0.6667
(:,:,4,3) : 
0.0000 0.0000 0.3333
0.3333 0.6667 0.3333
0.3333 -0.0000 -0.3333
(:,:,4,4) : 
0.0000 -0.0000 -0.3333
0.0000 -0.3333 -1.0000
0.0000 -0.6667 -1.0000
(:,:,4,5) : 
0.0000 -0.3333 -0.3333
0.3333 -0.3333 0.3333
0.3333 -0.0000 0.0000
(:,:,4,6) : 
1.0000 1.0000 0.3333
1.0000 0.6667 -0.0000
0.3333 -0.3333 -1.0000
(:,:,4,7) : 
0.0000 0.0000 -0.0000
-0.3333 0.0000 0.3333
-0.3333 0.3333 -0.0000
(:,:,4,8) : 
0.3333 0.3333 -0.3333
0.6667 1.0000 0.0000
0.6667 0.0000 -0.3333
(:,:,4,9) : 
-0.0000 -0.0000 -0.0000
-0.0000 -0.0000 -0.0000
-0.0000 -0.0000 -0.0000
(:,:,4,10) : 
0.3333 0.3333 -0.3333
0.3333 0.0000 -0.3333
0.3333 -0.0000 -0.6667
(:,:,4,11) : 
-0.0000 -0.6667 0.0000
0.0000 0.0000 -0.0000
-0.0000 0.3333 -0.0000
(:,:,4,12) : 
-0.3333 -0.3333 0.3333
-0.3333 0.3333 -0.0000
0.3333 0.6667 0.3333
(:,:,4,13) : 
0.3333 -0.3333 -0.6667
0.6667 0.3333 -0.3333
0.0000 0.6667 0.3333
(:,:,4,14) : 
-0.0000 0.0000 -0.0000
0.3333 -0.0000 -0.0000
0.0000 -0.3333 0.3333
(:,:,4,15) : 
-0.3333 -0.3333 -0.3333
0.3333 0.0000 -0.3333
0.6667 0.6667 -0.0000
(:,:,4,16) : 
0.0000 0.0000 0.3333
0.0000 0.3333 0.3333
0.0000 0.3333 0.0000
(:,:,4,17) : 
-0.6667 -0.3333 0.0000
-0.3333 -0.3333 -0.0000
0.3333 0.0000 -0.3333
(:,:,4,18) : 
-0.6667 -0.6667 0.0000
-0.6667 0.3333 0.6667
0.0000 0.6667 0.6667
(:,:,4,19) : 
0.3333 0.6667 0.3333
0.3333 0.3333 -0.0000
0.6667 0.6667 0.0000
(:,:,4,20) : 
0.6667 0.6667 0.3333
-0.3333 -0.6667 -0.3333
-0.6667 -0.3333 -0.0000
(:,:,4,21) : 
0.6667 0.0000 -0.3333
0.6667 0.0000 -0.3333
0.6667 0.0000 -0.6667
(:,:,4,22) : 
0.3333 0.3333 0.3333
-0.3333 0.3333 0.6667
-0.6667 -0.3333 0.3333
(:,:,4,23) : 
-0.3333 -0.3333 0.0000
-0.6667 -0.0000 0.3333
-0.6667 -0.3333 0.0000
(:,:,4,24) : 
0.0000 -0.0000 -0.6667
0.3333 0.6667 0.3333
-0.3333 0.3333 0.3333
(:,:,4,25) : 
-0.3333 0.0000 0.6667
0.3333 0.6667 0.3333
0.0000 0.3333 0.0000
(:,:,4,26) : 
0.0000 -0.0000 -0.3333
-0.0000 -0.0000 -0.3333
0.0000 -0.3333 -0.0000
(:,:,4,27) : 
-0.6667 -0.3333 -0.3333
-0.3333 -0.0000 0.0000
-0.3333 -0.0000 0.0000
(:,:,4,28) : 
-0.3333 -0.0000 0.3333
-0.3333 0.3333 0.6667
-0.0000 -0.0000 0.3333
(:,:,4,29) : 
0.6667 0.3333 -0.3333
0.3333 0.3333 0.0000
0.3333 0.0000 0.3333
(:,:,4,30) : 
0.0000 -0.0000 0.0000
0.0000 -0.0000 0.0000
0.3333 0.0000 -0.0000
(:,:,4,31) : 
-0.3333 -0.3333 -0.3333
-0.0000 -0.3333 -0.3333
-0.0000 -0.0000 -0.3333
(:,:,4,32) : 
-0.3333 -0.6667 -0.6667
0.3333 0.3333 -0.3333
0.3333 0.3333 0.3333
(:,:,5,1) : 
-0.3333 -0.3333 0.0000
-0.6667 -0.3333 -0.0000
-0.0000 -0.3333 -0.0000
(:,:,5,2) : 
1.0000 1.0000 0.6667
-0.0000 0.0000 0.3333
-1.0000 -0.6667 -0.6667
(:,:,5,3) : 
-1.0000 0.3333 0.6667
0.0000 1.0000 -0.0000
0.6667 -0.3333 -1.0000
(:,:,5,4) : 
0.0000 -0.3333 0.0000
0.0000 -0.3333 -0.0000
-0.0000 0.0000 -0.3333
(:,:,5,5) : 
-0.0000 0.0000 0.3333
-0.3333 -0.3333 -0.0000
-0.0000 -0.3333 0.0000
(:,:,5,6) : 
0.3333 0.3333 0.3333
-0.0000 0.3333 -0.0000
0.3333 -0.0000 0.0000
(:,:,5,7) : 
-0.3333 -0.6667 -0.0000
-1.0000 0.0000 0.6667
-0.3333 1.0000 0.6667
(:,:,5,8) : 
0.6667 1.0000 1.0000
1.0000 1.0000 0.3333
0.6667 0.3333 -0.3333
(:,:,5,9) : 
-0.0000 0.0000 0.0000
-0.0000 0.0000 0.0000
-0.0000 -0.0000 0.0000
(:,:,5,10) : 
0.3333 0.3333 0.3333
0.6667 0.3333 0.3333
0.3333 -0.3333 -0.0000
(:,:,5,11) : 
0.0000 0.6667 -0.6667
0.0000 0.6667 0.0000
-0.6667 0.0000 0.3333
(:,:,5,12) : 
-0.6667 -0.3333 -0.0000
-1.0000 -1.0000 -0.6667
-0.3333 -0.3333 -0.3333
(:,:,5,13) : 
0.3333 -0.0000 -0.3333
0.0000 0.6667 0.0000
0.3333 0.6667 0.6667
(:,:,5,14) : 
1.0000 1.0000 -0.6667
0.6667 -0.3333 -1.0000
-0.3333 -1.0000 -0.3333
(:,:,5,15) : 
0.0000 -0.6667 -0.3333
0.6667 -0.3333 -0.3333
0.3333 0.0000 -0.3333
(:,:,5,16) : 
-0.0000 0.6667 0.3333
-0.0000 0.3333 0.0000
-0.3333 -0.3333 -0.3333
(:,:,5,17) : 
0.3333 -1.0000 -0.3333
0.3333 -0.0000 -0.6667
0.3333 0.3333 -0.6667
(:,:,5,18) : 
-0.0000 0.0000 -0.3333
-0.0000 -0.0000 -0.6667
0.0000 0.0000 -0.6667
(:,:,5,19) : 
-0.0000 -0.6667 -1.0000
-0.3333 -0.3333 -0.6667
0.3333 -0.3333 -0.6667
(:,:,5,20) : 
-0.3333 -0.6667 -0.3333
-1.0000 -1.0000 -1.0000
-1.0000 -0.3333 -0.6667
(:,:,5,21) : 
0.3333 -0.0000 -0.3333
-0.0000 -0.6667 -0.0000
-0.3333 -0.6667 -0.0000
(:,:,5,22) : 
-0.3333 -0.3333 0.3333
-0.3333 -0.3333 -0.3333
0.3333 -0.6667 -0.6667
(:,:,5,23) : 
0.3333 0.3333 0.6667
0.0000 0.6667 1.0000
0.3333 0.3333 0.3333
(:,:,5,24) : 
-0.0000 -0.3333 0.0000
-0.0000 -0.6667 -0.6667
-0.3333 0.0000 -0.3333
(:,:,5,25) : 
0.6667 1.0000 -0.0000
0.6667 0.6667 -0.6667
1.0000 -0.3333 -1.0000
(:,:,5,26) : 
-0.0000 0.0000 0.3333
0.3333 0.6667 0.6667
0.3333 0.6667 0.6667
(:,:,5,27) : 
0.6667 -0.0000 0.0000
0.3333 -0.0000 -0.3333
0.3333 0.0000 -0.6667
(:,:,5,28) : 
-0.6667 -0.6667 -0.6667
0.3333 -0.3333 -0.3333
0.6667 1.0000 0.6667
(:,:,5,29) : 
0.6667 -0.0000 -0.3333
0.6667 0.6667 0.3333
-0.3333 -0.3333 -0.3333
(:,:,5,30) : 
0.3333 -0.3333 -0.3333
-0.3333 -0.6667 0.0000
-0.0000 -0.6667 -0.0000
(:,:,5,31) : 
0.0000 0.3333 -0.3333
0.3333 0.0000 -0.3333
0.3333 0.0000 -0.3333
(:,:,5,32) : 
-0.0000 -0.0000 0.6667
0.0000 -0.6667 0.0000
0.3333 -0.3333 -0.0000
(:,:,6,1) : 
0.0000 0.3333 0.6667
-0.3333 -0.3333 0.0000
0.3333 -0.3333 -0.3333
(:,:,6,2) : 
0.6667 -0.3333 0.0000
-0.0000 -0.6667 -0.3333
-0.6667 -0.3333 -0.3333
(:,:,6,3) : 
0.3333 0.0000 -0.0000
-0.0000 -0.6667 -0.3333
0.0000 0.3333 0.3333
(:,:,6,4) : 
0.6667 0.3333 0.3333
1.0000 0.6667 0.3333
0.3333 0.3333 0.3333
(:,:,6,5) : 
-0.0000 0.3333 -0.6667
0.0000 0.3333 -0.3333
0.0000 0.3333 0.0000
(:,:,6,6) : 
0.6667 0.0000 -0.6667
0.3333 -0.0000 -1.0000
-0.0000 -0.6667 -0.6667
(:,:,6,7) : 
0.6667 1.0000 0.3333
1.0000 0.0000 -0.6667
0.0000 -1.0000 -0.6667
(:,:,6,8) : 
0.6667 0.3333 -0.3333
0.0000 0.0000 -0.0000
-0.3333 -0.3333 -0.3333
(:,:,6,9) : 
0.0000 0.0000 0.0000
-0.0000 0.0000 -0.0000
-0.0000 0.0000 -0.0000
(:,:,6,10) : 
-0.0000 0.3333 0.3333
0.0000 0.3333 0.6667
-0.0000 0.3333 0.6667
(:,:,6,11) : 
-0.3333 0.6667 0.6667
-0.6667 -0.3333 0.6667
-0.6667 -1.0000 0.0000
(:,:,6,12) : 
0.3333 -0.0000 -0.6667
0.6667 0.3333 0.3333
0.3333 0.6667 0.3333
(:,:,6,13) : 
-0.3333 0.3333 0.6667
-0.0000 0.0000 0.6667
-0.6667 -0.0000 0.3333
(:,:,6,14) : 
-0.3333 -0.3333 0.3333
-0.6667 0.3333 0.6667
0.3333 0.3333 -0.3333
(:,:,6,15) : 
-0.3333 -0.3333 -0.6667
-0.3333 -0.3333 -0.6667
0.3333 -0.3333 -0.6667
(:,:,6,16) : 
0.3333 0.6667 0.3333
0.3333 0.0000 0.0000
0.0000 -0.0000 -0.3333
(:,:,6,17) : 
0.6667 0.0000 -1.0000
0.3333 1.0000 0.3333
-0.3333 0.0000 0.6667
(:,:,6,18) : 
-1.0000 -0.6667 0.3333
-0.6667 0.6667 1.0000
0.6667 0.6667 0.3333
(:,:,6,19) : 
-1.0000 0.3333 1.0000
-1.0000 -0.6667 0.6667
-0.6667 -0.3333 0.6667
(:,:,6,20) : 
-0.3333 -0.0000 -0.3333
-0.6667 -0.3333 -0.6667
-0.3333 -0.3333 -0.3333
(:,:,6,21) : 
0.6667 -0.3333 -0.3333
0.3333 -0.3333 -0.3333
0.3333 -0.6667 -0.3333
(:,:,6,22) : 
-1.0000 -0.3333 0.0000
-0.6667 -0.6667 -0.3333
0.0000 -0.6667 -0.6667
(:,:,6,23) : 
-0.0000 -0.3333 -0.6667
-0.0000 -0.3333 -0.6667
0.6667 0.3333 -0.3333
(:,:,6,24) : 
0.3333 -0.6667 -1.0000
0.3333 0.3333 -0.0000
-0.6667 -0.6667 -0.0000
(:,:,6,25) : 
0.3333 -0.6667 -0.0000
-0.0000 -0.6667 -0.3333
0.0000 -0.3333 0.0000
(:,:,6,26) : 
-0.3333 -0.0000 -0.6667
-0.3333 -0.0000 -0.3333
-0.3333 -0.0000 -0.0000
(:,:,6,27) : 
1.0000 0.3333 -1.0000
0.6667 0.3333 -1.0000
0.3333 0.0000 -0.6667
(:,:,6,28) : 
0.6667 1.0000 0.3333
0.3333 0.6667 0.6667
-1.0000 -1.0000 -0.6667
(:,:,6,29) : 
0.3333 1.0000 1.0000
-1.0000 -0.3333 0.3333
-1.0000 -0.6667 -0.3333
(:,:,6,30) : 
0.6667 0.6667 0.3333
0.0000 0.3333 -0.0000
0.3333 0.3333 -0.0000
(:,:,6,31) : 
0.3333 0.3333 -0.0000
0.3333 0.3333 -0.0000
0.3333 0.6667 0.0000
(:,:,6,32) : 
0.3333 -0.6667 -0.0000
1.0000 -0.3333 -0.6667
0.0000 1.0000 -0.0000
(:,:,7,1) : 
-1.0000 -0.3333 0.3333
-0.6667 -0.6667 -0.3333
0.6667 -0.3333 -0.3333
(:,:,7,2) : 
0.3333 1.0000 0.6667
-0.0000 -0.3333 -0.3333
-0.3333 -1.0000 -1.0000
(:,:,7,3) : 
0.0000 0.6667 -0.0000
0.6667 0.0000 -0.3333
-0.6667 -0.6667 0.0000
(:,:,7,4) : 
0.0000 0.3333 -0.6667
-0.0000 0.3333 -0.6667
0.3333 0.0000 -0.6667
(:,:,7,5) : 
-0.3333 0.6667 0.3333
-0.6667 0.3333 0.6667
-0.6667 0.3333 0.6667
(:,:,7,6) : 
-0.6667 -1.0000 -1.0000
-1.0000 -0.3333 0.3333
-1.0000 -0.0000 0.6667
(:,:,7,7) : 
-0.3333 0.0000 0.0000
0.3333 0.6667 0.3333
0.6667 0.3333 -0.0000
(:,:,7,8) : 
-0.3333 0.6667 0.3333
0.3333 0.6667 0.3333
0.3333 0.3333 -0.3333
(:,:,7,9) : 
-0.0000 -0.0000 -0.0000
-0.0000 -0.0000 -0.0000
-0.0000 -0.0000 -0.0000
(:,:,7,10) : 
0.6667 0.3333 0.3333
0.3333 -0.0000 -0.3333
-0.3333 -0.6667 -0.3333
(:,:,7,11) : 
-0.0000 0.3333 0.0000
0.3333 0.3333 0.3333
0.6667 0.3333 0.0000
(:,:,7,12) : 
-0.6667 -0.3333 -0.0000
-0.6667 -1.0000 -0.0000
-0.6667 -1.0000 -0.6667
(:,:,7,13) : 
0.0000 0.6667 0.6667
-0.0000 0.0000 1.0000
-1.0000 -0.6667 0.6667
(:,:,7,14) : 
0.6667 -0.0000 0.0000
-0.3333 0.0000 0.3333
-0.3333 0.3333 0.3333
(:,:,7,15) : 
0.3333 -0.3333 -0.6667
1.0000 0.3333 -0.3333
0.3333 -0.3333 -0.3333
(:,:,7,16) : 
-0.3333 0.0000 0.3333
-0.6667 -0.3333 0.3333
-0.6667 -0.0000 0.6667
(:,:,7,17) : 
0.3333 0.0000 -0.3333
0.3333 0.0000 -0.3333
0.0000 0.0000 -0.6667
(:,:,7,18) : 
-0.6667 0.6667 1.0000
1.0000 1.0000 1.0000
1.0000 0.6667 -0.6667
(:,:,7,19) : 
0.3333 -0.0000 -0.0000
0.3333 -0.0000 0.6667
0.6667 0.0000 0.3333
(:,:,7,20) : 
0.0000 -0.6667 -0.3333
-0.0000 -0.0000 -0.3333
0.3333 0.6667 0.3333
(:,:,7,21) : 
0.6667 0.0000 0.0000
0.0000 -0.3333 -0.3333
0.3333 -0.0000 0.0000
(:,:,7,22) : 
0.0000 -0.3333 -0.0000
0.6667 0.0000 -0.6667
0.6667 0.0000 -0.0000
(:,:,7,23) : 
-0.0000 0.3333 0.6667
0.3333 0.6667 0.6667
0.0000 0.0000 -0.0000
(:,:,7,24) : 
0.6667 0.6667 -0.0000
0.3333 1.0000 0.6667
-0.6667 0.0000 0.3333
(:,:,7,25) : 
1.0000 0.6667 0.3333
0.6667 0.3333 0.3333
0.3333 0.0000 -0.0000
(:,:,7,26) : 
0.0000 0.3333 0.6667
-0.0000 0.3333 0.3333
0.0000 0.3333 0.3333
(:,:,7,27) : 
0.0000 0.3333 -0.6667
0.0000 0.0000 -0.6667
0.0000 0.0000 -0.3333
(:,:,7,28) : 
0.0000 -0.0000 -0.6667
-0.3333 -0.3333 -0.3333
-0.3333 0.0000 0.3333
(:,:,7,29) : 
-0.0000 -0.3333 -1.0000
0.3333 0.0000 -0.3333
0.3333 0.3333 -0.0000
(:,:,7,30) : 
-0.3333 -1.0000 -0.6667
-0.0000 -1.0000 -0.3333
0.0000 -0.6667 -0.3333
(:,:,7,31) : 
-0.6667 -0.6667 -0.3333
-0.0000 0.0000 -0.3333
0.6667 0.6667 0.3333
(:,:,7,32) : 
0.0000 -0.3333 -0.0000
0.6667 -0.0000 -0.6667
0.0000 0.6667 0.0000
(:,:,8,1) : 
-1.0000 -0.0000 0.6667
-0.0000 -0.6667 -0.3333
0.6667 0.0000 -0.3333
(:,:,8,2) : 
0.3333 0.6667 0.3333
0.0000 -0.0000 -0.3333
-0.3333 -0.3333 -0.0000
(:,:,8,3) : 
0.3333 0.6667 -0.3333
1.0000 0.3333 -0.6667
-0.0000 -0.3333 -0.0000
(:,:,8,4) : 
-1.0000 -0.3333 0.3333
-0.3333 -0.6667 -0.3333
-0.3333 -0.3333 -0.3333
(:,:,8,5) : 
0.3333 0.0000 0.0000
0.0000 0.3333 0.3333
-0.3333 0.0000 0.3333
(:,:,8,6) : 
-1.0000 0.3333 0.6667
0.6667 1.0000 1.0000
0.6667 1.0000 0.3333
(:,:,8,7) : 
-1.0000 0.0000 0.6667
-0.6667 1.0000 0.6667
1.0000 0.3333 -0.3333
(:,:,8,8) : 
-0.3333 0.6667 0.3333
0.6667 0.6667 0.3333
0.3333 0.3333 -0.0000
(:,:,8,9) : 
0.0000 0.0000 0.0000
0.0000 0.0000 0.0000
0.0000 0.0000 0.0000
(:,:,8,10) : 
0.6667 0.3333 0.3333
0.3333 -0.3333 -0.3333
-0.0000 -0.3333 -0.3333
(:,:,8,11) : 
0.3333 0.3333 -0.6667
-0.0000 0.0000 -0.0000
0.3333 0.3333 0.0000
(:,:,8,12) : 
-0.0000 0.3333 0.6667
-0.0000 0.3333 0.6667
-0.6667 -0.3333 0.0000
(:,:,8,13) : 
0.6667 1.0000 0.6667
-0.3333 0.6667 1.0000
-1.0000 -0.3333 0.3333
(:,:,8,14) : 
0.3333 -0.6667 -0.6667
-0.6667 -0.3333 0.3333
-0.3333 0.6667 0.6667
(:,:,8,15) : 
0.0000 -0.3333 -0.3333
0.6667 0.0000 -0.3333
0.6667 -0.0000 -1.0000
(:,:,8,16) : 
-0.3333 0.3333 0.6667
-0.3333 0.3333 0.6667
-0.3333 0.3333 0.3333
(:,:,8,17) : 
0.3333 0.0000 0.3333
-0.3333 0.0000 0.0000
0.0000 -0.0000 0.0000
(:,:,8,18) : 
-1.0000 -0.6667 -0.0000
-0.3333 0.6667 0.6667
0.3333 0.6667 0.3333
(:,:,8,19) : 
-0.0000 0.3333 0.6667
-0.6667 0.0000 0.6667
-0.3333 0.3333 0.0000
(:,:,8,20) : 
-0.6667 -1.0000 -1.0000
0.3333 0.3333 -0.3333
0.6667 1.0000 0.6667
(:,:,8,21) : 
1.0000 0.3333 -0.3333
1.0000 0.3333 -0.3333
1.0000 0.0000 -0.3333
(:,:,8,22) : 
-0.3333 -0.6667 -0.3333
0.6667 0.0000 0.0000
0.6667 0.6667 0.3333
(:,:,8,23) : 
0.0000 -0.3333 -0.6667
-0.3333 0.0000 -0.3333
-0.3333 -0.0000 -0.6667
(:,:,8,24) : 
-0.0000 -0.6667 -1.0000
0.6667 0.6667 0.3333
0.0000 1.0000 1.0000
(:,:,8,25) : 
0.0000 -0.0000 -0.6667
0.6667 -0.0000 -0.3333
0.3333 -0.0000 0.3333
(:,:,8,26) : 
0.3333 0.3333 0.6667
0.0000 0.3333 0.3333
-0.0000 -0.0000 0.0000
(:,:,8,27) : 
1.0000 1.0000 0.3333
0.3333 0.6667 -0.3333
0.3333 0.6667 -0.3333
(:,:,8,28) : 
1.0000 0.6667 0.3333
0.6667 1.0000 0.3333
0.6667 0.3333 0.3333
(:,:,8,29) : 
0.3333 0.6667 0.6667
-0.3333 0.0000 0.3333
-0.3333 -0.6667 -0.0000
(:,:,8,30) : 
-0.3333 -0.6667 -0.3333
-0.3333 -0.6667 -0.3333
-0.0000 -0.3333 -0.0000
(:,:,8,31) : 
-0.6667 -0.0000 -0.0000
-0.6667 -0.0000 -0.0000
-0.0000 0.3333 -0.3333
(:,:,8,32) : 
0.3333 -0.3333 0.0000
1.0000 0.6667 -0.0000
0.3333 0.6667 0.6667
(:,:,9,1) : 
0.3333 -0.0000 0.3333
0.3333 0.6667 0.6667
-0.3333 -0.0000 0.3333
(:,:,9,2) : 
0.3333 0.3333 -0.3333
-0.0000 0.3333 0.0000
-0.3333 -0.3333 -0.3333
(:,:,9,3) : 
-0.3333 -0.6667 -0.3333
-0.6667 0.0000 0.3333
0.0000 -0.0000 0.3333
(:,:,9,4) : 
-0.6667 -0.3333 0.3333
0.3333 -0.6667 0.3333
0.3333 -0.3333 0.3333
(:,:,9,5) : 
0.3333 -1.0000 -0.3333
0.3333 -1.0000 -1.0000
0.6667 -1.0000 -0.6667
(:,:,9,6) : 
1.0000 0.3333 0.3333
0.3333 0.3333 -0.3333
0.3333 -0.0000 -0.6667
(:,:,9,7) : 
1.0000 -0.0000 -0.3333
-0.3333 -1.0000 -0.6667
-0.6667 -0.6667 0.3333
(:,:,9,8) : 
-0.3333 -0.6667 0.0000
-0.6667 -0.3333 0.0000
-0.3333 0.0000 0.6667
(:,:,9,9) : 
-0.0000 0.0000 -0.0000
-0.0000 0.0000 0.0000
-0.0000 -0.0000 0.0000
(:,:,9,10) : 
-0.3333 -0.0000 0.3333
0.6667 1.0000 1.0000
0.3333 0.6667 0.3333
(:,:,9,11) : 
0.3333 -0.3333 -0.0000
0.0000 0.3333 -0.6667
-0.0000 0.3333 -0.3333
(:,:,9,12) : 
0.0000 0.0000 0.0000
1.0000 0.6667 0.0000
1.0000 1.0000 0.3333
(:,:,9,13) : 
-0.3333 -0.3333 -0.3333
0.3333 0.6667 -0.3333
0.0000 0.0000 0.0000
(:,:,9,14) : 
-0.0000 0.3333 0.3333
0.3333 0.3333 -0.3333
0.0000 -0.3333 -0.6667
(:,:,9,15) : 
0.6667 -0.3333 -1.0000
0.6667 -0.6667 -1.0000
0.0000 -1.0000 -1.0000
(:,:,9,16) : 
-0.6667 -0.6667 -0.3333
-0.3333 -0.3333 -0.3333
0.3333 0.0000 0.0000
(:,:,9,17) : 
-0.0000 0.3333 0.6667
0.0000 -0.6667 -0.0000
0.0000 -0.6667 -0.6667
(:,:,9,18) : 
0.0000 0.0000 0.3333
-0.0000 -0.3333 0.3333
-0.3333 0.0000 0.3333
(:,:,9,19) : 
1.0000 0.6667 -0.3333
1.0000 0.0000 -0.6667
0.6667 0.0000 -0.6667
(:,:,9,20) : 
0.0000 0.6667 0.6667
-0.3333 -0.0000 0.0000
0.6667 -0.3333 -0.6667
(:,:,9,21) : 
-1.0000 -0.6667 0.0000
-1.0000 -0.3333 0.3333
-0.3333 0.3333 0.6667
(:,:,9,22) : 
1.0000 1.0000 0.3333
0.6667 1.0000 1.0000
-0.3333 0.0000 0.0000
(:,:,9,23) : 
0.3333 0.6667 -0.0000
0.0000 0.0000 0.3333
0.0000 -0.0000 0.3333
(:,:,9,24) : 
-0.3333 0.0000 -0.0000
-0.6667 -0.3333 -0.0000
-0.0000 -0.3333 -0.6667
(:,:,9,25) : 
-0.0000 0.6667 0.6667
0.0000 0.6667 0.6667
0.0000 0.6667 0.3333
(:,:,9,26) : 
0.3333 0.6667 0.3333
0.6667 0.6667 0.0000
-0.0000 -0.3333 -1.0000
(:,:,9,27) : 
-0.6667 -0.6667 0.0000
-0.6667 -1.0000 0.0000
-0.6667 -1.0000 -0.0000
(:,:,9,28) : 
-0.3333 -0.3333 -0.6667
-0.0000 -0.3333 -0.0000
0.3333 1.0000 1.0000
(:,:,9,29) : 
-0.3333 -0.3333 -0.6667
0.0000 0.0000 -0.0000
0.0000 -0.0000 0.3333
(:,:,9,30) : 
-0.0000 -0.3333 -0.0000
-0.3333 -0.6667 -0.6667
-0.3333 -0.6667 -1.0000
(:,:,9,31) : 
0.6667 0.6667 0.0000
1.0000 1.0000 1.0000
0.0000 0.3333 0.3333
(:,:,9,32) : 
-0.3333 0.3333 0.0000
-0.6667 0.0000 -0.0000
-0.3333 -0.6667 0.0000
(:,:,10,1) : 
0.3333 0.3333 0.3333
1.0000 1.0000 0.6667
-0.3333 0.6667 0.6667
(:,:,10,2) : 
0.0000 -0.0000 0.6667
-0.3333 -0.0000 -0.3333
-0.0000 -0.3333 0.3333
(:,:,10,3) : 
-0.3333 1.0000 1.0000
0.6667 1.0000 0.6667
0.3333 0.3333 -0.6667
(:,:,10,4) : 
0.3333 -0.3333 -0.3333
-0.3333 -0.3333 -0.0000
-0.0000 -0.3333 -0.3333
(:,:,10,5) : 
-0.3333 0.0000 0.3333
-0.3333 -0.6667 0.6667
-0.3333 -0.3333 0.3333
(:,:,10,6) : 
0.3333 -0.3333 -1.0000
-0.6667 -1.0000 0.0000
-1.0000 -0.3333 0.3333
(:,:,10,7) : 
-0.6667 -0.6667 -0.0000
-0.6667 -0.3333 1.0000
-0.0000 0.3333 1.0000
(:,:,10,8) : 
-0.6667 -0.6667 -0.3333
-1.0000 -1.0000 -0.3333
-0.6667 -0.0000 0.3333
(:,:,10,9) : 
-0.0000 -0.0000 -0.0000
-0.0000 -0.0000 -0.0000
0.0000 -0.0000 -0.0000
(:,:,10,10) : 
-0.0000 0.0000 0.6667
0.0000 0.0000 0.3333
-0.3333 0.3333 0.3333
(:,:,10,11) : 
0.0000 1.0000 1.0000
0.3333 0.3333 0.3333
0.0000 0.3333 -0.0000
(:,:,10,12) : 
1.0000 1.0000 -0.6667
1.0000 1.0000 1.0000
0.6667 1.0000 0.3333
(:,:,10,13) : 
0.3333 0.0000 0.0000
0.0000 0.6667 0.0000
0.3333 0.3333 -0.0000
(:,:,10,14) : 
1.0000 1.0000 -0.0000
0.6667 -0.6667 -1.0000
-0.6667 -0.6667 0.3333
(:,:,10,15) : 
-0.3333 0.6667 0.3333
-0.6667 -0.0000 0.3333
-0.3333 -0.3333 0.0000
(:,:,10,16) : 
0.3333 0.0000 -0.3333
0.3333 0.3333 -0.3333
0.0000 -0.0000 -0.3333
(:,:,10,17) : 
0.3333 1.0000 1.0000
0.3333 0.6667 0.6667
0.3333 0.0000 -0.3333
(:,:,10,18) : 
0.3333 0.3333 -0.3333
0.0000 -0.0000 0.0000
0.0000 0.0000 0.0000
(:,:,10,19) : 
0.3333 -0.0000 -0.0000
0.3333 -0.6667 -0.6667
-0.3333 -0.3333 -0.3333
(:,:,10,20) : 
-0.6667 -0.3333 -0.3333
-0.6667 -0.3333 -0.6667
-0.3333 -0.6667 -0.6667
(:,:,10,21) : 
-0.3333 0.3333 0.3333
-0.3333 0.3333 0.0000
-0.3333 -0.3333 -0.3333
(:,:,10,22) : 
-0.3333 -0.0000 -0.0000
0.6667 0.6667 0.3333
0.3333 -0.3333 0.3333
(:,:,10,23) : 
0.3333 0.3333 0.3333
0.0000 0.6667 0.3333
0.0000 0.6667 -0.0000
(:,:,10,24) : 
0.0000 0.3333 0.3333
-0.3333 0.0000 0.0000
0.3333 -0.0000 -0.6667
(:,:,10,25) : 
0.6667 0.6667 -0.0000
0.3333 0.3333 -0.6667
0.0000 -0.3333 -0.6667
(:,:,10,26) : 
0.3333 0.0000 0.0000
0.3333 0.3333 0.0000
0.0000 0.0000 -0.3333
(:,:,10,27) : 
-0.6667 0.3333 0.3333
-0.6667 -0.0000 0.3333
-0.6667 -0.0000 0.0000
(:,:,10,28) : 
0.3333 0.3333 0.3333
-0.0000 -0.6667 -0.6667
0.3333 0.0000 0.0000
(:,:,10,29) : 
-0.0000 0.0000 -0.3333
0.3333 0.3333 0.3333
0.3333 0.3333 0.0000
(:,:,10,30) : 
0.3333 0.6667 0.3333
0.3333 1.0000 0.6667
0.3333 1.0000 0.3333
(:,:,10,31) : 
0.6667 0.0000 -0.0000
0.3333 0.6667 0.0000
-0.0000 -0.3333 -0.0000
(:,:,10,32) : 
0.3333 0.6667 -0.0000
0.0000 1.0000 0.3333
-0.3333 0.3333 0.6667
(:,:,11,1) : 
0.6667 0.3333 0.6667
-1.0000 -0.6667 0.0000
-0.3333 -0.6667 -0.6667
(:,:,11,2) : 
0.0000 -0.0000 -0.0000
0.0000 0.0000 0.0000
0.3333 0.3333 0.3333
(:,:,11,3) : 
0.6667 -1.0000 -1.0000
-1.0000 -1.0000 0.3333
0.0000 0.3333 1.0000
(:,:,11,4) : 
1.0000 1.0000 1.0000
1.0000 1.0000 1.0000
0.6667 0.6667 0.6667
(:,:,11,5) : 
0.6667 0.6667 -1.0000
1.0000 0.3333 -1.0000
1.0000 0.6667 -0.6667
(:,:,11,6) : 
0.3333 0.3333 0.6667
0.6667 0.6667 0.6667
0.3333 0.3333 -0.0000
(:,:,11,7) : 
1.0000 1.0000 0.6667
1.0000 -0.0000 -0.6667
-1.0000 -1.0000 -0.6667
(:,:,11,8) : 
0.3333 0.3333 -0.0000
-0.3333 -0.3333 -0.3333
-0.3333 -0.0000 0.3333
(:,:,11,9) : 
0.0000 -0.0000 -0.0000
-0.0000 -0.0000 -0.0000
-0.0000 -0.0000 -0.0000
(:,:,11,10) : 
-0.3333 0.0000 0.3333
0.0000 0.6667 1.0000
-0.0000 0.3333 0.3333
(:,:,11,11) : 
0.6667 0.6667 -0.6667
0.3333 0.0000 0.6667
-0.6667 -0.3333 0.0000
(:,:,11,12) : 
-0.0000 0.0000 0.3333
-0.3333 -0.6667 0.3333
-0.0000 -0.3333 -0.6667
(:,:,11,13) : 
0.3333 -0.0000 -0.6667
0.6667 0.3333 0.3333
0.3333 0.6667 0.3333
(:,:,11,14) : 
-1.0000 -0.6667 0.3333
0.3333 1.0000 0.6667
1.0000 0.3333 -0.3333
(:,:,11,15) : 
-0.3333 0.3333 -0.0000
-0.3333 0.0000 -0.6667
-0.3333 0.3333 -0.3333
(:,:,11,16) : 
-0.0000 -0.3333 -0.3333
-0.3333 -0.6667 -0.6667
0.3333 -0.3333 -0.3333
(:,:,11,17) : 
-0.3333 -1.0000 -0.3333
1.0000 0.3333 -1.0000
0.0000 0.6667 0.3333
(:,:,11,18) : 
0.3333 0.0000 -0.0000
0.0000 -0.0000 -0.3333
-0.3333 -0.3333 -0.3333
(:,:,11,19) : 
-0.3333 1.0000 1.0000
0.0000 1.0000 0.3333
-0.0000 1.0000 0.3333
(:,:,11,20) : 
0.3333 0.3333 -0.0000
0.3333 0.6667 0.3333
0.3333 0.3333 0.0000
(:,:,11,21) : 
-1.0000 -0.3333 0.6667
-1.0000 -0.0000 0.6667
-0.6667 0.3333 0.6667
(:,:,11,22) : 
-1.0000 -0.6667 -0.6667
-0.6667 -1.0000 -1.0000
-0.0000 -0.6667 -0.6667
(:,:,11,23) : 
-1.0000 -1.0000 -0.6667
-1.0000 -1.0000 -1.0000
-1.0000 -1.0000 -0.6667
(:,:,11,24) : 
-0.3333 -1.0000 -0.6667
0.3333 -0.3333 -0.3333
0.6667 1.0000 0.3333
(:,:,11,25) : 
-1.0000 -0.0000 0.6667
-1.0000 0.3333 1.0000
-1.0000 0.3333 0.6667
(:,:,11,26) : 
1.0000 1.0000 1.0000
1.0000 1.0000 1.0000
0.3333 0.6667 -0.0000
(:,:,11,27) : 
0.3333 -0.6667 -0.0000
0.6667 -0.6667 -0.3333
0.3333 -0.3333 -0.6667
(:,:,11,28) : 
0.3333 0.3333 0.3333
0.3333 0.3333 -0.3333
-0.3333 0.3333 -0.3333
(:,:,11,29) : 
0.0000 0.0000 0.6667
-0.0000 -0.0000 0.0000
-0.0000 -0.3333 -0.3333
(:,:,11,30) : 
0.3333 0.6667 0.3333
0.0000 0.3333 0.3333
-0.6667 0.0000 -0.0000
(:,:,11,31) : 
1.0000 0.6667 -0.0000
0.6667 0.3333 0.0000
0.3333 -0.3333 -1.0000
(:,:,11,32) : 
-0.0000 0.3333 1.0000
-0.0000 -0.6667 0.0000
0.6667 -0.3333 -1.0000
(:,:,12,1) : 
0.6667 1.0000 0.0000
-0.3333 0.3333 0.6667
-0.3333 -0.0000 0.3333
(:,:,12,2) : 
0.3333 0.6667 0.6667
-0.0000 -0.3333 -0.3333
-0.0000 -0.6667 -0.0000
(:,:,12,3) : 
-0.6667 -0.3333 -0.3333
-0.3333 -0.6667 -0.0000
-0.3333 -0.0000 0.0000
(:,:,12,4) : 
0.3333 0.0000 0.3333
0.6667 -0.0000 0.0000
0.6667 -0.3333 -0.0000
(:,:,12,5) : 
0.3333 0.3333 0.0000
0.0000 0.6667 -0.3333
-0.0000 0.3333 -0.3333
(:,:,12,6) : 
-0.6667 -0.6667 0.0000
-0.3333 -0.0000 0.3333
0.3333 0.6667 0.3333
(:,:,12,7) : 
-0.6667 -0.3333 0.0000
-0.0000 -0.0000 -0.6667
-0.3333 0.0000 0.3333
(:,:,12,8) : 
-0.3333 -1.0000 -0.6667
-0.6667 -0.6667 -1.0000
0.0000 -0.3333 -0.3333
(:,:,12,9) : 
0.0000 -0.0000 -0.0000
0.0000 -0.0000 -0.0000
-0.0000 -0.0000 -0.0000
(:,:,12,10) : 
-0.3333 -0.6667 -0.6667
-0.6667 -0.6667 -1.0000
-0.3333 -0.6667 -0.3333
(:,:,12,11) : 
0.0000 1.0000 0.6667
-0.6667 0.3333 1.0000
-1.0000 -1.0000 0.3333
(:,:,12,12) : 
0.0000 -0.3333 -0.6667
1.0000 0.3333 -0.6667
1.0000 0.6667 0.3333
(:,:,12,13) : 
-0.0000 0.3333 -0.3333
0.0000 0.6667 0.0000
-0.3333 -0.0000 0.0000
(:,:,12,14) : 
0.3333 -0.6667 -0.6667
-0.3333 -0.6667 -0.3333
-0.0000 0.0000 -0.3333
(:,:,12,15) : 
-0.3333 0.6667 0.3333
-0.3333 0.6667 1.0000
-0.6667 0.6667 0.6667
(:,:,12,16) : 
0.0000 0.0000 -0.0000
0.3333 0.3333 0.3333
0.3333 0.0000 0.0000
(:,:,12,17) : 
0.6667 -0.3333 -1.0000
0.3333 0.6667 -0.3333
-0.6667 0.6667 0.3333
(:,:,12,18) : 
0.3333 -0.3333 -0.6667
-0.0000 0.0000 -0.0000
-0.0000 -0.3333 -0.0000
(:,:,12,19) : 
-0.3333 0.3333 0.6667
-0.3333 0.0000 0.3333
-0.3333 0.3333 0.0000
(:,:,12,20) : 
-0.6667 -0.6667 -0.0000
-0.6667 -0.6667 -0.3333
-0.3333 -0.0000 -0.0000
(:,:,12,21) : 
1.0000 0.6667 -0.3333
1.0000 -0.0000 -0.6667
0.0000 -0.6667 -0.6667
(:,:,12,22) : 
-0.6667 -0.6667 -0.3333
-0.3333 -0.3333 -0.6667
-0.3333 -0.3333 -0.6667
(:,:,12,23) : 
-0.3333 -0.0000 -0.0000
-0.3333 -0.6667 -0.6667
-0.6667 -1.0000 -0.6667
(:,:,12,24) : 
0.0000 -0.3333 0.6667
0.3333 0.6667 0.3333
0.0000 0.3333 0.3333
(:,:,12,25) : 
-0.0000 0.0000 0.3333
-0.3333 -0.6667 -0.3333
-0.3333 -0.0000 0.3333
(:,:,12,26) : 
0.0000 0.0000 -0.3333
-0.0000 -0.0000 -0.6667
0.3333 0.0000 0.0000
(:,:,12,27) : 
0.3333 0.3333 -0.0000
0.0000 0.6667 0.0000
-0.0000 0.3333 -0.3333
(:,:,12,28) : 
-0.3333 -0.3333 -0.3333
0.6667 0.6667 -0.3333
1.0000 0.6667 0.3333
(:,:,12,29) : 
0.6667 -0.3333 -0.6667
1.0000 1.0000 -0.0000
0.3333 1.0000 0.3333
(:,:,12,30) : 
0.3333 0.6667 0.6667
0.3333 0.3333 0.0000
-0.3333 -0.0000 -0.3333
(:,:,12,31) : 
0.0000 0.6667 0.3333
-0.0000 0.3333 0.0000
-0.3333 -0.0000 -0.3333
(:,:,12,32) : 
-0.3333 -0.0000 1.0000
0.0000 -0.6667 0.0000
0.6667 0.0000 -0.3333
(:,:,13,1) : 
-0.6667 -0.6667 -0.3333
0.0000 -0.6667 -0.0000
1.0000 -0.0000 -0.3333
(:,:,13,2) : 
-0.3333 -0.6667 -0.6667
0.3333 -0.0000 -0.3333
0.3333 0.3333 0.3333
(:,:,13,3) : 
-0.6667 -0.0000 1.0000
0.3333 1.0000 0.6667
0.3333 -0.0000 -1.0000
(:,:,13,4) : 
-0.6667 -0.6667 -0.6667
-1.0000 -0.6667 -0.6667
-1.0000 -0.6667 -0.6667
(:,:,13,5) : 
0.0000 0.3333 0.6667
-0.3333 -0.0000 0.6667
0.0000 -0.3333 0.0000
(:,:,13,6) : 
0.3333 -0.0000 0.0000
-0.3333 -0.6667 -0.6667
-0.3333 -0.6667 -0.3333
(:,:,13,7) : 
0.3333 -0.6667 -0.3333
-0.6667 -0.3333 0.6667
-0.3333 1.0000 1.0000
(:,:,13,8) : 
0.3333 -0.0000 -0.6667
-0.0000 -0.3333 -0.6667
-0.0000 -0.3333 -0.6667
(:,:,13,9) : 
0.0000 0.0000 -0.0000
0.0000 0.0000 0.0000
-0.0000 0.0000 0.0000
(:,:,13,10) : 
-0.3333 -0.3333 0.0000
0.3333 0.3333 0.3333
0.3333 0.3333 0.3333
(:,:,13,11) : 
-1.0000 -0.6667 0.6667
-0.0000 -1.0000 -0.6667
0.6667 0.0000 -0.3333
(:,:,13,12) : 
-0.3333 0.6667 0.3333
-0.3333 -0.0000 0.3333
-0.3333 -0.6667 -0.3333
(:,:,13,13) : 
-0.3333 -0.3333 -0.3333
0.0000 -0.6667 -0.6667
0.3333 -0.0000 -0.6667
(:,:,13,14) : 
0.6667 0.6667 0.3333
0.6667 -0.3333 -0.3333
-0.3333 -1.0000 0.0000
(:,:,13,15) : 
-0.6667 -0.6667 -0.0000
-0.0000 -0.6667 -0.3333
-0.3333 -0.3333 0.3333
(:,:,13,16) : 
0.3333 0.0000 -0.0000
0.3333 -0.3333 -0.3333
-0.3333 -0.3333 -0.6667
(:,:,13,17) : 
0.3333 1.0000 0.6667
-0.6667 0.3333 0.6667
-0.6667 -0.6667 -0.0000
(:,:,13,18) : 
0.6667 0.0000 -0.6667
-0.6667 -1.0000 -1.0000
-0.6667 -0.0000 -0.6667
(:,:,13,19) : 
0.6667 0.3333 -0.0000
0.6667 -0.3333 -0.0000
0.3333 -0.3333 -0.3333
(:,:,13,20) : 
-0.3333 -0.0000 -0.3333
-0.3333 -0.3333 -0.0000
-0.0000 0.0000 0.0000
(:,:,13,21) : 
-0.3333 -0.3333 0.3333
0.0000 -0.3333 0.3333
-0.3333 -0.3333 0.3333
(:,:,13,22) : 
0.6667 0.6667 -0.0000
0.6667 0.6667 1.0000
-0.0000 0.6667 0.6667
(:,:,13,23) : 
0.6667 0.3333 0.6667
1.0000 0.6667 1.0000
0.3333 0.6667 0.3333
(:,:,13,24) : 
0.0000 -0.6667 -0.3333
-0.0000 -0.3333 -0.6667
0.3333 -0.3333 -0.3333
(:,:,13,25) : 
0.6667 1.0000 -0.6667
1.0000 1.0000 -1.0000
0.3333 0.3333 -0.3333
(:,:,13,26) : 
0.3333 -0.0000 -0.3333
-0.0000 -0.0000 -0.3333
-0.3333 -0.0000 -0.3333
(:,:,13,27) : 
0.3333 0.0000 0.0000
-0.3333 0.3333 0.3333
-0.6667 -0.3333 -0.0000
(:,:,13,28) : 
0.3333 0.3333 -0.0000
0.6667 0.6667 0.6667
1.0000 0.6667 0.6667
(:,:,13,29) : 
0.3333 0.6667 0.6667
-0.6667 0.3333 0.6667
-0.6667 -0.6667 0.0000
(:,:,13,30) : 
0.6667 1.0000 0.3333
0.3333 0.6667 0.3333
0.0000 0.0000 0.0000
(:,:,13,31) : 
1.0000 1.0000 0.0000
0.6667 0.3333 -0.0000
-0.0000 -0.6667 -0.6667
(:,:,13,32) : 
0.0000 -0.6667 0.0000
1.0000 0.3333 -0.6667
-0.0000 0.3333 -0.0000
(:,:,14,1) : 
-0.6667 -0.3333 0.0000
-0.3333 -0.3333 -0.0000
-0.3333 -0.0000 0.3333
(:,:,14,2) : 
0.0000 0.0000 -0.0000
0.3333 0.3333 -0.0000
-0.0000 0.0000 -0.3333
(:,:,14,3) : 
-0.0000 0.0000 0.3333
-0.3333 0.0000 0.0000
-0.0000 -0.0000 -0.0000
(:,:,14,4) : 
-0.3333 -0.0000 0.3333
-0.6667 -0.3333 -0.0000
-0.3333 -0.3333 -0.3333
(:,:,14,5) : 
0.3333 0.3333 0.3333
0.0000 0.0000 0.3333
-0.0000 -0.0000 0.3333
(:,:,14,6) : 
-0.3333 0.3333 0.6667
0.0000 0.6667 0.6667
-0.0000 0.3333 0.3333
(:,:,14,7) : 
0.0000 0.0000 0.0000
-0.0000 -0.0000 -0.3333
-0.3333 -0.3333 -0.3333
(:,:,14,8) : 
-0.3333 0.0000 0.6667
-0.0000 0.3333 0.6667
-0.3333 -0.0000 0.3333
(:,:,14,9) : 
0.0000 -0.0000 -0.0000
-0.0000 -0.0000 -0.0000
-0.0000 -0.0000 -0.0000
(:,:,14,10) : 
0.3333 0.3333 0.3333
0.3333 0.0000 0.0000
0.3333 0.0000 -0.0000
(:,:,14,11) : 
0.3333 -0.0000 -0.3333
0.3333 0.3333 -0.0000
-0.0000 0.3333 0.0000
(:,:,14,12) : 
0.3333 0.6667 0.6667
-0.0000 0.3333 0.3333
0.0000 0.3333 0.3333
(:,:,14,13) : 
-0.0000 -0.0000 -0.3333
-0.0000 0.0000 -0.0000
-0.0000 0.0000 -0.0000
(:,:,14,14) : 
-0.0000 -0.0000 0.0000
0.3333 -0.0000 -0.3333
-0.0000 -0.3333 -0.3333
(:,:,14,15) : 
0.3333 -0.6667 -0.6667
0.3333 -0.3333 -1.0000
0.3333 -0.3333 -0.6667
(:,:,14,16) : 
0.3333 0.3333 0.3333
0.0000 -0.0000 -0.0000
-0.0000 -0.3333 -0.3333
(:,:,14,17) : 
0.3333 -0.0000 -0.0000
0.0000 -0.0000 -0.0000
0.0000 -0.0000 -0.3333
(:,:,14,18) : 
0.0000 0.0000 0.0000
0.0000 0.3333 0.3333
0.0000 0.3333 0.0000
(:,:,14,19) : 
-0.0000 0.0000 0.3333
-0.0000 -0.0000 0.0000
-0.0000 -0.3333 -0.0000
(:,:,14,20) : 
0.3333 0.6667 0.3333
-0.3333 -0.0000 -0.3333
-0.0000 -0.3333 -0.3333
(:,:,14,21) : 
-0.3333 0.3333 0.3333
-0.0000 0.3333 0.3333
-0.0000 0.3333 0.3333
(:,:,14,22) : 
0.0000 -0.0000 -0.0000
0.0000 0.0000 -0.0000
0.3333 0.0000 0.3333
(:,:,14,23) : 
-0.3333 -0.3333 -0.3333
-0.3333 -0.3333 -0.3333
-0.6667 -0.3333 -0.0000
(:,:,14,24) : 
0.0000 -0.0000 -0.6667
0.3333 0.0000 -0.3333
0.0000 0.3333 0.0000
(:,:,14,25) : 
-0.0000 -0.0000 -0.0000
-0.0000 -0.3333 -0.3333
-0.3333 -0.0000 -0.0000
(:,:,14,26) : 
-0.0000 -0.3333 -0.3333
0.3333 0.0000 0.0000
0.3333 0.0000 0.0000
(:,:,14,27) : 
0.3333 -0.0000 -0.6667
0.3333 -0.0000 -0.3333
0.0000 -0.0000 -0.3333
(:,:,14,28) : 
-0.3333 -0.3333 -0.3333
-0.3333 -0.3333 -0.3333
-0.0000 -0.0000 0.3333
(:,:,14,29) : 
-0.3333 -0.3333 0.3333
-0.3333 -0.6667 -0.0000
-0.0000 -0.3333 -0.0000
(:,:,14,30) : 
0.0000 0.3333 0.0000
-0.0000 -0.0000 -0.0000
-0.0000 -0.0000 -0.0000
(:,:,14,31) : 
-0.3333 -0.3333 -0.3333
-0.0000 -0.3333 -0.3333
0.3333 -0.0000 -0.0000
(:,:,14,32) : 
-0.3333 -0.6667 -0.3333
-0.0000 -0.3333 -0.3333
0.0000 0.0000 -0.0000
(:,:,15,1) : 
1.0000 -0.3333 -0.6667
1.0000 0.6667 0.0000
0.3333 0.6667 -0.3333
(:,:,15,2) : 
-1.0000 -1.0000 -0.6667
-0.0000 0.3333 0.3333
0.6667 0.6667 0.6667
(:,:,15,3) : 
0.6667 -1.0000 -1.0000
-1.0000 -1.0000 0.3333
-0.3333 0.6667 1.0000
(:,:,15,4) : 
0.0000 0.3333 0.3333
0.3333 0.3333 0.3333
0.3333 0.3333 0.6667
(:,:,15,5) : 
-0.3333 -0.3333 -1.0000
0.0000 -0.3333 -0.6667
0.0000 -0.0000 -0.3333
(:,:,15,6) : 
-0.3333 0.3333 0.6667
0.6667 1.0000 1.0000
0.6667 0.6667 0.0000
(:,:,15,7) : 
1.0000 1.0000 -0.0000
1.0000 0.3333 -0.6667
-0.3333 -1.0000 -0.3333
(:,:,15,8) : 
0.3333 0.3333 -0.3333
0.3333 -0.3333 -0.6667
0.3333 0.3333 -0.3333
(:,:,15,9) : 
0.0000 0.0000 0.0000
0.0000 0.0000 0.0000
0.0000 0.0000 0.0000
(:,:,15,10) : 
0.3333 0.6667 0.6667
-0.0000 -0.0000 0.0000
-0.0000 -0.0000 -0.3333
(:,:,15,11) : 
-0.3333 -0.3333 0.3333
0.3333 -0.0000 0.0000
0.3333 -0.0000 -0.0000
(:,:,15,12) : 
0.3333 0.3333 -0.3333
0.3333 0.6667 -0.3333
0.3333 0.6667 0.0000
(:,:,15,13) : 
0.3333 0.3333 0.6667
-0.3333 -0.0000 0.0000
-0.6667 -1.0000 -1.0000
(:,:,15,14) : 
-1.0000 -0.0000 0.6667
-0.3333 1.0000 0.6667
1.0000 0.6667 -0.6667
(:,:,15,15) : 
-0.6667 0.3333 -0.0000
-0.3333 0.3333 0.3333
0.3333 0.6667 0.6667
(:,:,15,16) : 
-0.0000 0.0000 0.0000
0.3333 0.6667 0.3333
0.0000 0.3333 0.3333
(:,:,15,17) : 
-0.6667 1.0000 0.6667
-0.6667 0.3333 1.0000
-0.3333 0.0000 0.6667
(:,:,15,18) : 
0.6667 0.6667 -0.0000
0.6667 -0.6667 -0.6667
-0.3333 -1.0000 -0.6667
(:,:,15,19) : 
-0.0000 0.3333 0.3333
0.3333 0.3333 -0.0000
-0.0000 0.0000 0.0000
(:,:,15,20) : 
0.3333 0.6667 0.3333
1.0000 1.0000 1.0000
0.6667 1.0000 0.6667
(:,:,15,21) : 
0.6667 0.3333 -0.0000
0.3333 0.0000 -0.3333
-0.0000 -0.6667 -1.0000
(:,:,15,22) : 
1.0000 0.3333 -0.0000
1.0000 0.6667 -0.3333
0.3333 0.3333 -0.0000
(:,:,15,23) : 
-0.3333 -0.3333 -0.6667
-0.3333 -0.6667 -1.0000
-0.3333 -0.6667 -0.6667
(:,:,15,24) : 
1.0000 1.0000 0.6667
0.3333 0.6667 1.0000
-1.0000 -0.6667 -0.3333
(:,:,15,25) : 
0.0000 -0.3333 0.3333
-0.3333 -0.0000 0.3333
-0.6667 -0.0000 0.0000
(:,:,15,26) : 
-0.3333 -0.3333 -1.0000
-0.6667 -1.0000 -1.0000
-0.6667 -0.6667 -0.6667
(:,:,15,27) : 
-0.0000 0.6667 -0.0000
-0.3333 0.0000 0.0000
-0.3333 0.3333 0.6667
(:,:,15,28) : 
0.3333 0.6667 0.6667
-0.3333 -0.3333 -0.0000
-0.6667 -1.0000 -1.0000
(:,:,15,29) : 
-0.3333 -0.6667 -1.0000
-0.3333 -0.6667 -1.0000
1.0000 0.6667 -0.0000
(:,:,15,30) : 
-0.3333 -0.3333 0.3333
-0.3333 -0.3333 -0.3333
0.3333 0.0000 -0.0000
(:,:,15,31) : 
0.0000 -0.3333 -0.3333
-0.0000 -0.3333 -0.3333
0.6667 -0.0000 -0.3333
(:,:,15,32) : 
0.6667 0.3333 -1.0000
0.3333 1.0000 0.3333
-0.3333 1.0000 0.6667
(:,:,16,1) : 
-0.3333 -0.6667 -0.0000
0.3333 -0.6667 -1.0000
1.0000 0.3333 -0.6667
(:,:,16,2) : 
-1.0000 -1.0000 -1.0000
0.3333 0.3333 -0.3333
1.0000 1.0000 0.6667
(:,:,16,3) : 
0.3333 0.3333 -0.6667
-0.0000 -0.6667 0.3333
-0.6667 0.0000 0.3333
(:,:,16,4) : 
-0.0000 0.0000 0.0000
-0.3333 0.0000 0.3333
-0.0000 -0.0000 0.3333
(:,:,16,5) : 
0.0000 0.0000 0.3333
0.0000 0.6667 0.6667
-0.0000 0.3333 0.6667
(:,:,16,6) : 
0.3333 0.3333 0.3333
0.3333 0.3333 0.3333
-0.3333 -0.3333 0.0000
(:,:,16,7) : 
-0.3333 0.3333 -0.0000
1.0000 0.3333 -0.3333
0.3333 -0.6667 -0.3333
(:,:,16,8) : 
0.6667 1.0000 1.0000
0.6667 1.0000 0.6667
0.3333 1.0000 0.3333
(:,:,16,9) : 
-0.0000 -0.0000 -0.0000
0.0000 -0.0000 -0.0000
-0.0000 -0.0000 -0.0000
(:,:,16,10) : 
0.3333 0.6667 0.6667
-0.0000 0.3333 0.6667
-0.3333 -0.0000 0.0000
(:,:,16,11) : 
0.0000 -1.0000 -0.6667
0.6667 -0.6667 -0.6667
1.0000 0.6667 0.0000
(:,:,16,12) : 
-0.0000 0.6667 1.0000
-1.0000 -0.6667 0.3333
-0.6667 -1.0000 -1.0000
(:,:,16,13) : 
0.0000 -0.3333 -0.3333
-0.0000 -1.0000 -0.6667
0.6667 -0.6667 -1.0000
(:,:,16,14) : 
-0.6667 -0.3333 0.0000
-0.3333 0.6667 0.3333
0.3333 0.6667 0.0000
(:,:,16,15) : 
-0.3333 -0.6667 0.0000
-0.6667 -0.6667 -0.3333
-0.6667 -0.6667 0.3333
(:,:,16,16) : 
0.3333 0.3333 -0.0000
0.3333 0.0000 -0.0000
0.3333 -0.3333 -0.6667
(:,:,16,17) : 
-0.6667 -0.0000 0.3333
-0.6667 -0.6667 0.0000
0.3333 -0.3333 0.0000
(:,:,16,18) : 
-0.0000 0.3333 -0.0000
0.3333 0.0000 -0.3333
-0.3333 -0.0000 -0.3333
(:,:,16,19) : 
0.3333 0.6667 0.3333
-0.0000 0.6667 0.3333
0.0000 0.3333 -0.0000
(:,:,16,20) : 
0.3333 -0.0000 -0.3333
0.6667 0.6667 -0.3333
0.3333 0.0000 0.3333
(:,:,16,21) : 
0.3333 0.0000 0.0000
0.3333 0.0000 0.0000
0.0000 -0.3333 -0.0000
(:,:,16,22) : 
0.0000 0.0000 0.0000
0.0000 -0.3333 -0.3333
0.3333 0.3333 0.0000
(:,:,16,23) : 
-0.3333 0.3333 0.3333
-0.3333 0.0000 -0.0000
-0.0000 0.0000 -0.0000
(:,:,16,24) : 
0.3333 -0.3333 -0.6667
0.0000 -0.3333 -0.3333
-0.0000 -0.3333 -0.3333
(:,:,16,25) : 
-0.0000 0.3333 0.3333
-0.0000 0.3333 0.0000
-0.3333 -0.3333 -0.6667
(:,:,16,26) : 
-0.0000 0.3333 0.0000
-0.0000 0.0000 -0.0000
-0.3333 0.3333 0.0000
(:,:,16,27) : 
-0.3333 0.3333 -0.0000
0.3333 0.3333 -0.0000
0.0000 0.0000 -0.0000
(:,:,16,28) : 
0.6667 0.6667 0.3333
-0.0000 -0.3333 -0.0000
-0.6667 -1.0000 -0.6667
(:,:,16,29) : 
-0.3333 0.0000 0.6667
-1.0000 -1.0000 -0.6667
0.0000 -0.6667 -0.3333
(:,:,16,30) : 
0.3333 0.6667 -0.0000
0.6667 1.0000 0.6667
0.3333 0.6667 0.3333
(:,:,16,31) : 
-0.0000 0.3333 -0.3333
-0.6667 -0.3333 -1.0000
-0.6667 -0.6667 -1.0000
(:,:,16,32) : 
-0.0000 -0.0000 -0.0000
0.3333 -0.3333 -0.0000
-0.6667 -0.0000 -0.3333
