-1.910205
0.028324
-0.655523
-1.695766
-3.043048
0.451606
-3.206525
-0.667659
0.388137
0.863605
-4.347804
-1.633966
-2.434172
-0.252792
-1.497928
-1.807150
-1.890545
-3.440418
-3.108528
-0.731518
-0.798707
-0.502620
-1.567920
-0.141648
-0.766103
-0.942895
-1.003026
-2.191207
1.116761
-1.182174
0.127981
-1.942531
-1.408542
-2.060229
3.044654
0.682645
-0.618213
-4.185003
-0.254078
-2.602502
-0.184101
-0.282257
-0.082615
0.589822
-2.600549
-1.761679
-0.202034
-1.025093
0.280725
-2.733521
-0.060795
0.912455
-0.278092
-0.145878
0.321517
-0.503034
-1.077486
1.830732
0.034595
-0.261224
0.620867
0.056136
0.199876
-2.603209
