0.385693
0.413506
0.352125
0.364180
0.482913
0.434819
0.401320
0.373328
0.386993
0.421254
0.390288
0.432996
0.435096
0.444700
0.402479
0.385120
0.437594
0.418563
0.516702
0.346080
0.434034
0.392911
0.365014
0.463818
0.406081
0.382793
0.433241
0.453381
0.358028
0.348035
0.475048
0.442603
0.397635
0.352529
0.392709
0.406305
0.459677
0.414941
0.405718
0.421867
0.469465
0.376249
0.412747
0.429961
0.416446
0.392261
0.391521
0.420848
0.376257
0.366929
0.413933
0.391623
0.384318
0.421014
0.524143
0.371581
0.422792
0.418433
0.460805
0.417067
0.365916
0.435882
0.388101
0.415143
