9.394667
10.578291
11.712699
9.586535
14.156116
12.814207
9.015573
10.078528
16.676430
9.313611
9.612663
8.934482
8.842826
8.984501
11.753848
11.179708
13.082382
14.834045
10.048156
12.289911
12.830950
9.310386
14.126312
9.438142
12.223258
8.915074
8.477262
9.954185
9.253399
9.100222
10.581858
9.975750
11.005639
11.061099
12.144483
11.029370
9.389395
12.788074
11.431112
11.351960
11.519617
10.869115
9.151879
9.023155
10.549840
9.536835
10.975374
10.821336
9.097345
12.775216
12.917327
9.792298
12.046861
14.261051
12.185988
10.563511
7.811608
10.230699
13.923734
14.236536
10.636106
12.190395
9.749545
9.647360
