0.570512
0.532507
0.606877
0.519561
0.586369
0.570305
0.561583
0.577710
0.554802
0.548636
0.615427
0.527765
0.514291
0.542267
0.581592
0.578656
0.582570
0.588048
0.556583
0.525928
0.536862
0.521943
0.569603
0.526724
0.564777
0.550288
0.536246
0.544594
0.553219
0.558127
0.557179
0.530653
0.562162
0.564291
0.531171
0.508445
0.532958
0.653006
0.539984
0.555300
0.557142
0.514303
0.539115
0.534255
0.569320
0.573188
0.493484
0.513680
0.473984
0.562986
0.588764
0.529788
0.575854
0.604951
0.571775
0.554863
0.512309
0.524640
0.591372
0.618195
0.517824
0.549275
0.522538
0.527798
