-0.362739
-0.201911
-0.318460
-0.432834
-0.286697
-0.375184
-0.448862
-0.435822
-0.112110
-0.377984
-0.086043
-0.355540
-0.556111
-0.347372
-0.508725
-0.495636
-0.365372
-0.410995
-0.341117
-0.045267
-0.291443
-0.627342
-0.482631
-0.525306
-0.400113
-0.278916
-0.140709
-0.417571
-0.495199
-0.524155
-0.407365
-0.599413
-0.302530
-0.460675
-0.256063
-0.285444
-0.410291
-0.288550
-0.209642
-0.333207
-0.414142
-0.315394
-0.286019
-0.220082
-0.419233
-0.258545
-0.330457
-0.231666
-0.392938
-0.245943
-0.505639
-0.211124
-0.245398
-0.155576
-0.283809
-0.411626
-0.410439
-0.659209
-0.433020
-0.301177
-0.241647
-0.389288
-0.417075
-0.322667
