-0.546430
-0.195599
-0.193880
-0.279123
-0.424115
-0.364389
-0.478308
-0.459420
-0.393541
-0.297756
-0.399343
-0.198051
-0.376129
-0.456079
-0.445804
-0.441476
-0.259940
-0.283631
-0.434760
-0.304777
-0.195700
-0.274703
-0.351663
-0.217354
-0.330746
-0.200252
-0.573867
-0.315919
-0.325397
-0.257699
-0.418973
-0.287278
-0.369412
-0.395999
-0.334111
-0.240272
-0.374970
-0.242458
-0.351635
-0.400764
-0.276421
-0.351251
-0.336074
-0.599305
-0.281549
-0.522668
-0.361915
-0.286916
-0.336455
-0.131858
-0.213859
-0.356179
-0.692373
-0.269658
0.189018
-0.347061
-0.289873
-0.423937
-0.442802
-0.543577
-0.407276
-0.268660
-0.340981
-0.415691
