-0.7063 0.6352 0.9530 -0.6373 0.7413 -0.3799 -0.5897 1.0142 -0.4906 -0.5400
-0.4163 -0.2619 -0.6435 0.5807 -0.4145 -0.6554 1.2231 1.2417 -0.2378 -0.4162
0.0452 -0.4483 -0.4560 1.1944 -0.4118 0.9848 0.8475 -0.6455 -0.4944 -0.6158
-0.3229 -0.4780 0.9835 -0.3320 -0.5366 -0.4979 -0.5141 -0.3976 1.1118 0.9839
0.4244 0.0158 -0.1122 0.7445 -0.0276 -0.1357 -0.3038 -0.2754 0.0152 -0.3453
-0.3594 0.9858 1.2550 -0.2396 -0.7941 -0.0787 0.5004 -0.3123 -0.4588 -0.4984
0.0419 -0.4763 1.0910 -0.2708 1.5029 -0.3981 -0.2177 -0.4949 -0.3934 -0.3846
0.1301 -0.5529 -0.5979 0.4043 1.2392 -0.3532 1.1448 -0.5000 -0.5012 -0.4132
0.7203 -0.3976 -0.5590 -0.6335 -0.3704 -0.4533 -0.0485 -0.4921 0.9405 1.2936
0.8626 -0.5295 -0.7918 0.9345 -0.4843 0.9665 -0.4795 0.5899 -0.6155 -0.4528
-0.6368 -0.4029 0.6561 -0.4745 -0.3010 0.9836 -0.6735 0.4882 -0.2259 0.5868
-0.5219 0.8236 -0.5523 0.4195 -0.5896 -0.7645 -0.5436 -0.4151 1.1679 0.9759
-0.2557 1.2984 -0.3076 -0.2890 -0.5104 -0.3252 -0.1642 -0.3127 -0.3732 1.2397
1.1053 0.5685 0.3616 -0.4789 0.5843 -0.4097 -0.2602 -0.4063 -0.5758 -0.4888
-0.5764 0.9235 -0.6050 -0.0831 -0.4597 -0.3211 0.9180 -0.2564 0.6104 -0.1503
-0.3854 0.8598 -0.4479 -0.5294 -0.2654 1.0080 0.5561 -0.2406 -0.1956 -0.3598
-0.3235 -0.3987 0.9878 1.0573 -0.3469 1.1408 -0.5408 -0.5531 -0.4295 -0.5934
-0.3797 0.9110 -0.4150 -0.3494 -0.2987 -0.2982 0.7665 -0.1524 0.5345 -0.3186
-0.0002 -0.0007 0.0007 0.0001 0.0012 -0.0004 0.0001 -0.0003 -0.0000 -0.0004
0.2870 -0.7063 0.9738 -0.6930 0.6161 0.1311 -0.7937 -0.4128 1.0562 -0.4583
-0.2339 -0.1862 -0.3249 0.0418 -0.3104 -0.7532 -0.4921 1.4969 -0.4276 1.1896
-0.6372 -0.5737 0.2713 0.6438 -0.4038 -0.5501 0.9728 -0.3496 1.0612 -0.4346
-0.0011 0.0016 0.0001 -0.0010 0.0009 0.0008 -0.0015 0.0007 -0.0009 0.0006
0.4058 0.5019 0.7300 -0.4448 -0.9273 0.7158 -0.3582 -0.6558 -0.6923 0.7248
0.0008 -0.0000 -0.0012 -0.0000 -0.0007 0.0009 -0.0018 0.0017 -0.0014 0.0016
0.7241 0.8502 -0.8461 -0.4505 1.0392 -0.5376 -0.4959 -0.3782 0.6601 -0.5655
0.8020 0.9100 -0.6816 -0.4556 -0.4685 -0.4811 -0.5222 -0.2731 0.7197 0.4504
0.9838 -0.6468 -0.3002 0.7492 -0.7778 -0.3995 -0.5829 -0.3375 1.1602 0.1514
0.0028 0.0030 0.0150 0.0099 -0.0021 -0.0020 -0.0127 -0.0027 -0.0086 -0.0025
-0.3314 0.7356 -0.4932 -0.9643 0.9057 0.0549 -0.6940 -0.7381 1.2725 0.2523
-0.0047 -0.0002 0.0029 -0.0001 0.0006 0.0009 -0.0010 0.0029 -0.0010 -0.0003
-0.8367 0.0010 0.0967 0.8431 0.3669 -0.6998 -0.3369 1.0553 -0.1038 -0.3859
-0.0168 -0.0007 0.0121 0.0282 -0.0045 -0.0111 -0.0123 -0.0104 0.0207 -0.0051
-0.2847 0.1453 -0.6880 1.0726 -0.3809 0.8767 -0.4649 -0.4078 -0.5909 0.7227
1.0794 -0.2728 1.2197 -0.5046 -0.6579 -0.2367 -0.1694 0.2500 -0.1388 -0.5687
-0.7432 -0.3805 1.2915 1.0746 0.6438 -0.3122 -0.3521 -0.3116 -0.5046 -0.4058
0.0318 -0.7459 -0.8418 -0.6885 1.2275 -0.2460 -0.4165 0.5513 0.0610 1.0672
0.9909 0.8475 -0.2722 -0.5564 0.0110 -0.2654 -0.0021 -0.5392 -0.8128 0.5986
-0.8712 -0.6364 0.9763 -0.1435 1.0426 0.3449 0.8370 -0.3359 -0.8120 -0.4019
-0.0003 -0.0013 -0.0015 0.0032 -0.0007 -0.0002 0.0013 0.0019 -0.0007 -0.0017
-0.4467 -0.3696 -0.7033 0.8872 1.0748 1.0714 -0.7834 0.0912 -0.5139 -0.3078
0.3425 -0.5165 1.0439 0.0260 -0.7530 0.0323 1.3760 -0.3080 -0.7697 -0.4735
0.6462 -0.5354 0.9962 0.3535 -0.8134 -0.6830 0.4746 -0.4286 0.5923 -0.6023
-0.6138 0.5301 -0.2110 -0.3664 1.0340 -0.5090 1.1681 -0.5589 -0.4064 -0.0668
-0.3918 -0.2967 -0.2582 -0.4434 1.1198 1.0789 0.1617 -0.2413 -0.3715 -0.3576
-0.5716 -0.2121 -0.6228 -0.1829 1.4880 -0.0393 -0.4261 1.2358 -0.3599 -0.3092
0.8330 0.6975 -0.4646 -0.4828 -0.4787 -0.5119 0.4192 -0.1496 -0.7137 0.8517
-0.5634 0.7162 -0.4388 -0.2874 -0.5136 -0.5065 0.8127 -0.4860 0.4549 0.8119
-0.4140 0.5239 -0.4794 0.9045 -0.4118 0.8559 -0.6207 -0.5474 -0.6391 0.8282
-0.4487 -0.3684 -0.3940 -0.4581 -0.0825 0.6020 1.2601 -0.5703 -0.5951 1.0550
-0.3237 -0.5437 0.1767 -0.3220 -0.6758 0.7553 1.0485 -0.5255 0.8700 -0.4597
-0.5391 -0.1067 0.8661 -0.5198 -0.4664 -0.2731 -0.3006 1.3054 -0.4142 0.4484
0.1878 1.1122 -0.4576 -0.5420 -0.6745 0.7326 -0.4720 1.0524 -0.6132 -0.3257
1.0303 -0.6567 0.8793 -0.4904 -0.5558 -0.3810 0.1513 -0.5123 -0.5394 1.0747
0.7728 -0.4836 -0.6364 -0.6878 -0.3229 -0.6525 -0.6054 1.0374 0.7784 0.8000
-0.4167 -0.3598 -0.4014 0.3870 -0.3957 1.2693 -0.4214 1.1938 -0.3584 -0.4967
-0.4942 1.2230 -0.0690 0.5792 -0.6292 -0.2432 -0.4832 -0.3753 1.0099 -0.5180
1.0938 1.0625 0.0086 -0.2234 -0.5011 -0.4292 -0.3698 -0.5355 0.4313 -0.5371
-0.4954 -0.1701 -0.1790 -0.2160 -0.2767 1.0498 -0.4900 1.4842 -0.2328 -0.4739
-0.1705 -0.1938 -0.3258 -0.1944 -0.0991 1.0111 -0.5463 -0.5437 1.3941 -0.3316
0.8748 -0.3835 -0.6960 1.0573 0.6327 0.0118 -0.1664 -0.5050 -0.5781 -0.2478
-0.7625 0.9120 -0.2756 0.8432 -0.2758 -0.5782 -0.2009 -0.3369 -0.4119 1.0864
1.4857 -0.3436 -0.4150 -0.5307 -0.0040 -0.3813 -0.2225 0.9502 0.0143 -0.5531
-0.4122 -0.4472 -0.6602 -0.7719 -0.5201 0.4921 0.9007 1.0262 0.6812 -0.2885
