49.937622
42.477837
51.676842
49.191654
25.486824
47.859440
60.609711
43.734074
55.690945
51.004379
43.807312
62.376293
67.938705
40.426041
54.826607
40.429092
65.310059
56.405338
24.585194
59.287361
55.187340
55.653786
11.412019
50.231606
18.761896
58.211052
108.446106
68.080261
13.773969
68.603615
15.154309
45.164692
15.610533
67.543587
57.211094
52.046638
61.013741
77.020172
92.243797
18.291660
64.207458
72.667618
56.459389
55.132050
56.914597
53.279030
60.937111
77.906372
57.581394
42.646275
48.240391
48.839493
51.466137
45.885975
63.671547
69.619102
48.851669
53.533886
49.423447
43.419491
41.595230
58.980396
56.136692
50.780048
