-0.089616
-2.932538
-4.705279
-2.729167
-3.822274
-0.874862
-8.102391
-6.361175
-4.066357
-1.912686
0.437192
-2.830198
-2.082284
-3.371524
-1.770452
0.340414
-4.259220
-3.100131
-6.963606
-2.031383
-4.197945
-5.370899
-2.134687
0.948310
-3.230060
-10.006568
-0.682712
1.617880
0.785510
3.362880
-1.061451
5.367983
-7.060678
-5.134358
-6.921488
-6.945185
-9.177275
1.655954
-8.392063
-7.825233
-1.507447
-5.767857
-3.163189
-1.803081
-3.957382
-3.475686
-3.825798
-4.101947
-1.194272
-2.609354
-2.038430
-2.886554
3.456499
-3.773203
-0.525527
-1.036549
-0.140750
0.400822
-0.754190
-1.527381
-5.867045
-2.125615
-6.070599
1.569993
