0.171611
0.111343
0.127901
0.131780
0.081698
0.303016
0.238394
0.083511
0.194242
0.175411
0.206655
0.243948
0.081608
0.106319
0.166529
0.058771
0.095090
0.081678
-0.000109
0.195270
0.091492
0.210096
-0.000690
0.278470
-0.000336
0.160172
0.169641
0.204351
-0.003617
0.288848
-0.001497
0.094545
-0.008465
0.198325
-0.002549
0.063493
0.104711
0.096327
0.227904
-0.000848
0.131629
0.045940
0.280723
0.163446
0.045333
0.088122
0.189574
0.253033
0.230497
0.211347
0.114241
0.139484
0.192516
0.133710
0.177249
0.075674
0.142365
0.149305
0.025632
0.101325
0.099036
0.169175
0.177070
0.173106
