0.907668
0.913082
0.941246
0.879526
0.593231
0.850545
0.961602
0.908488
0.904912
0.924819
0.828793
0.946010
0.892037
0.845042
0.821528
0.787530
0.936137
0.789027
0.001489
0.902892
0.893071
0.907584
0.002884
0.907598
0.003380
0.933781
0.938159
0.935157
0.022458
0.936397
0.005344
0.848754
0.042851
0.883808
0.873273
0.942290
0.929988
0.877721
0.967176
0.004562
0.926896
0.948190
0.884962
0.874215
0.803671
0.904536
0.874090
0.867398
0.885724
0.899889
0.875736
0.841160
0.887187
0.921396
0.943231
0.915266
0.860603
0.877967
0.867989
0.832810
0.840641
0.876979
0.957926
0.888493
